0.0000000000 0.6306139604 0.9314775005 0.8906556489 0.9431551917 0.9134030114 0.8475048696
0.0016666667 0.6306109518 0.9308900395 0.8905950476 0.9427500957 0.9133219749 0.8475035396
0.0033333333 0.6306010910 0.9291607618 0.8904115545 0.9415608555 0.9130829285 0.8475003659
0.0050000000 0.6305845758 0.9263575002 0.8901096988 0.9396266773 0.9126873424 0.8474944935
0.0066666667 0.6305610164 0.9226020293 0.8896900668 0.9370126706 0.9121328078 0.8474873431
0.0083333333 0.6305309014 0.9180216392 0.8891524731 0.9337889583 0.9114265892 0.8474767516
0.0100000000 0.6304936215 0.9127472821 0.8884990571 0.9300371440 0.9105761569 0.8474654981
0.0116666667 0.6304497575 0.9069031328 0.8877308688 0.9258362331 0.9095841787 0.8474503104
0.0133333333 0.6303992040 0.9005939958 0.8868497292 0.9212588422 0.9084540501 0.8474346903
0.0150000000 0.6303423950 0.8939132479 0.8858576730 0.9163695125 0.9071917104 0.8474155292
0.0166666667 0.6302789093 0.8869338757 0.8847579406 0.9112218082 0.9058003996 0.8473959523
0.0183333333 0.6302093993 0.8797223221 0.8835560201 0.9058643160 0.9042850060 0.8473728471
0.0200000000 0.6301331688 0.8723275214 0.8822568240 0.9003356997 0.9026536613 0.8473479642
0.0216666667 0.6300510318 0.8647920096 0.8808657958 0.8946711034 0.9009109437 0.8473208769
0.0233333333 0.6299623901 0.8571505070 0.8793868318 0.8889004087 0.8990633308 0.8472903632
0.0250000000 0.6298677383 0.8494347331 0.8778244201 0.8830489934 0.8971192008 0.8472604484
0.0266666667 0.6297667369 0.8416684312 0.8761802231 0.8771379782 0.8950842777 0.8472267852
0.0283333333 0.6296597165 0.8338719535 0.8744600767 0.8711858972 0.8929634086 0.8471925418
0.0300000000 0.6295464749 0.8260628340 0.8726661066 0.8652094219 0.8907660046 0.8471534973
0.0316666667 0.6294273942 0.8182555488 0.8708020039 0.8592236268 0.8884987644 0.8471136622
0.0333333333 0.6293022632 0.8104605718 0.8688731609 0.8532388079 0.8861646083 0.8470685068
0.0350000000 0.6291714593 0.8026876785 0.8668826111 0.8472636227 0.8837707707 0.8470268835
0.0366666667 0.6290347557 0.7949477043 0.8648331074 0.8413085134 0.8813262099 0.8469808781
0.0383333333 0.6288925339 0.7872469030 0.8627303701 0.8353819836 0.8788351655 0.8469362953
0.0400000000 0.6287445625 0.7795927219 0.8605765343 0.8294897498 0.8762999519 0.8468877796
0.0416666667 0.6285912411 0.7719925287 0.8583747284 0.8236378279 0.8737279194 0.8468359038
0.0433333333 0.6284323366 0.7644503322 0.8561300908 0.8178313590 0.8711256295 0.8467843159
0.0450000000 0.6282682527 0.7569720835 0.8538444957 0.8120748911 0.8684960358 0.8467289500
0.0466666667 0.6280987702 0.7495592009 0.8515212584 0.8063728230 0.8658415713 0.8466782635
0.0483333333 0.6279242791 0.7422133055 0.8491647921 0.8007291907 0.8631686057 0.8466175825
0.0500000000 0.6277445677 0.7349376218 0.8467770193 0.7951474648 0.8604818775 0.8465588056
0.0516666667 0.6275600220 0.7277355840 0.8443609733 0.7896318043 0.8577841105 0.8464838682
0.0533333333 0.6273704339 0.7206091413 0.8419208292 0.7841832055 0.8550779388 0.8464107394
0.0550000000 0.6271761855 0.7135599972 0.8394577591 0.7788026375 0.8523681984 0.8463281321
0.0566666667 0.6269770912 0.7065902087 0.8369751640 0.7734922682 0.8496580016 0.8462526346
0.0583333333 0.6267735096 0.6997006020 0.8344761209 0.7682529014 0.8469499997 0.8461760471
0.0600000000 0.6265652846 0.6928911170 0.8319621447 0.7630876226 0.8442466517 0.8461056760
0.0616666667 0.6263527560 0.6861621807 0.8294359268 0.7579979548 0.8415513206 0.8460351632
0.0633333333 0.6261357864 0.6795115119 0.8269006950 0.7529829834 0.8388661769 0.8459655669
0.0650000000 0.6259147040 0.6729403985 0.8243573199 0.7480423261 0.8361936149 0.8458960850
0.0666666667 0.6256893982 0.6664513652 0.8218086281 0.7431809332 0.8335360345 0.8458250889
0.0683333333 0.6254601657 0.6600443374 0.8192569057 0.7384011771 0.8308958032 0.8457568677
0.0700000000 0.6252269417 0.6537189916 0.8167034279 0.7337018206 0.8282744250 0.8456855261
0.0716666667 0.6249899825 0.6474717039 0.8141501745 0.7290839665 0.8256742098 0.8456189074
0.0733333333 0.6247492663 0.6413071834 0.8115994954 0.7245474006 0.8230973733 0.8455475345
0.0750000000 0.6245050271 0.6352271941 0.8090521365 0.7200945044 0.8205454012 0.8454803830
0.0766666667 0.6242572680 0.6292288532 0.8065100743 0.7157248081 0.8180192556 0.8454093680
0.0783333333 0.6240062172 0.6233126025 0.8039748869 0.7114354684 0.8155213471 0.8453402764
0.0800000000 0.6237518912 0.6174787824 0.8014477718 0.7072277406 0.8130535967 0.8452700089
0.0816666667 0.6234945145 0.6117281671 0.7989299829 0.7031034911 0.8106166096 0.8451993024
0.0833333333 0.6232341144 0.6060597730 0.7964232777 0.6990624189 0.8082110733 0.8451295968
0.0850000000 0.6229709112 0.6004700734 0.7939284219 0.6951024551 0.8058395522 0.8450583112
0.0866666667 0.6227049409 0.5949598303 0.7914467902 0.6912248181 0.8035034863 0.8449888735
0.0883333333 0.6224364201 0.5895309412 0.7889795243 0.6874283626 0.8012027474 0.8449180580
0.0900000000 0.6221653927 0.5841814025 0.7865276617 0.6837153344 0.7989381032 0.8448486996
0.0916666667 0.6218920702 0.5789114444 0.7840920544 0.6800889899 0.7967121086 0.8447789606
0.0933333333 0.6216165056 0.5737195370 0.7816738206 0.6765461947 0.7945256166 0.8447095268
0.0950000000 0.6213389039 0.5686057264 0.7792736199 0.6730837505 0.7923782211 0.8446409018
0.0966666667 0.6210593263 0.5635705264 0.7768923811 0.6697033613 0.7902708371 0.8445714346
0.0983333333 0.6207779718 0.5586125734 0.7745307414 0.6664060746 0.7882055942 0.8445037049
0.1000000000 0.6204949085 0.5537303253 0.7721895563 0.6631916633 0.7861829159 0.8444345583
0.1016666667 0.6202103293 0.5489220531 0.7698693791 0.6600595864 0.7842026040 0.8443675228
0.1033333333 0.6199243093 0.5441893956 0.7675709834 0.6570096753 0.7822655427 0.8442991885
0.1050000000 0.6196370346 0.5395321281 0.7652949108 0.6540426145 0.7803732177 0.8442327323
0.1066666667 0.6193485873 0.5349477789 0.7630418992 0.6511579811 0.7785258460 0.8441656157
0.1083333333 0.6190591472 0.5304362654 0.7608124010 0.6483538044 0.7767235324 0.8440997548
0.1100000000 0.6187688019 0.5259959273 0.7586070195 0.6456305171 0.7749670695 0.8440341052
0.1116666667 0.6184777278 0.5216270025 0.7564262833 0.6429872482 0.7732575130 0.8439690315
0.1133333333 0.6181860144 0.5173286052 0.7542705573 0.6404243285 0.7715948306 0.8439049736
0.1150000000 0.6178938373 0.5130981954 0.7521402621 0.6379418598 0.7699792182 0.8438410322
0.1166666667 0.6176012851 0.5089376140 0.7500358502 0.6355406938 0.7684115042 0.8437786230
0.1183333333 0.6173085329 0.5048450240 0.7479575393 0.6332207899 0.7668925165 0.8437162285
0.1200000000 0.6170156675 0.5008210369 0.7459056501 0.6309818676 0.7654219392 0.8436555271
0.1216666667 0.6167228629 0.4968652537 0.7438805295 0.6288239642 0.7640000438 0.8435950659
0.1233333333 0.6164302038 0.4929768287 0.7418823876 0.6267452929 0.7626276462 0.8435361950
0.1250000000 0.6161378625 0.4891558545 0.7399114183 0.6247431740 0.7613053117 0.8434779577
0.1266666667 0.6158459213 0.4854007120 0.7379680001 0.6228200632 0.7600326558 0.8434211225
0.1283333333 0.6155545504 0.4817107562 0.7360522243 0.6209759178 0.7588099938 0.8433652934
0.1300000000 0.6152638300 0.4780853203 0.7341643140 0.6192110820 0.7576379912 0.8433107563
0.1316666667 0.6149739270 0.4745248627 0.7323045028 0.6175265932 0.7565170542 0.8432574543
0.1333333333 0.6146849200 0.4710301992 0.7304729241 0.6159228018 0.7554468250 0.8432054848
0.1350000000 0.6143969723 0.4675996352 0.7286696729 0.6143980087 0.7544275395 0.8431548254
0.1366666667 0.6141101610 0.4642328648 0.7268949710 0.6129522166 0.7534596876 0.8431056507
0.1383333333 0.6138246459 0.4609279140 0.7251488166 0.6115861237 0.7525437339 0.8430577957
0.1400000000 0.6135405025 0.4576827787 0.7234313426 0.6103000011 0.7516792811 0.8430115701
0.1416666667 0.6132578874 0.4544990480 0.7217426105 0.6090949062 0.7508664759 0.8429667418
0.1433333333 0.6129768743 0.4513742819 0.7200826824 0.6079700394 0.7501056802 0.8429235464
0.1450000000 0.6126976163 0.4483082987 0.7184515571 0.6069255093 0.7493972280 0.8428820019
0.1466666667 0.6124201858 0.4453039676 0.7168493923 0.6059596905 0.7487409363 0.8428418770
0.1483333333 0.6121447318 0.4423575966 0.7152760802 0.6050722572 0.7481369375 0.8428038593
0.1500000000 0.6118713256 0.4394698395 0.7137317626 0.6042640048 0.7475853302 0.8427668582
0.1516666667 0.6116001119 0.4366402856 0.7122164174 0.6035363366 0.7470863523 0.8427325483
0.1533333333 0.6113311608 0.4338669978 0.7107300676 0.6028878549 0.7466400013 0.8426987858
0.1550000000 0.6110646126 0.4311506411 0.7092726839 0.6023186538 0.7462463937 0.8426682741
0.1566666667 0.6108005359 0.4284893800 0.7078443912 0.6018285822 0.7459053888 0.8426379431
0.1583333333 0.6105390668 0.4258834744 0.7064450378 0.6014167129 0.7456173152 0.8426112322
0.1600000000 0.6102802722 0.4233331508 0.7050747149 0.6010833941 0.7453821423 0.8425845795
0.1616666667 0.6100242838 0.4208381246 0.7037333968 0.6008300331 0.7451999386 0.8425616181
0.1633333333 0.6097711666 0.4184002182 0.7024210423 0.6006548796 0.7450705461 0.8425388910
0.1650000000 0.6095210481 0.4160172306 0.7011376005 0.6005575928 0.7449941127 0.8425196255
0.1666666667 0.6092739911 0.4136871758 0.6998831540 0.6005395775 0.7449706953 0.8425010155
0.1683333333 0.6090301187 0.4114089046 0.6986575458 0.6006003880 0.7450004208 0.8424854387
0.1700000000 0.6087894916 0.4091812364 0.6974607884 0.6007385196 0.7450829550 0.8424710494
0.1716666667 0.6085522286 0.4070041011 0.6962928740 0.6009541916 0.7452184899 0.8424592259
0.1733333333 0.6083183879 0.4048795734 0.6951537095 0.6012480567 0.7454069748 0.8424490752
0.1750000000 0.6080880836 0.4028055672 0.6940432257 0.6016211441 0.7456483161 0.8424411301
0.1766666667 0.6078613720 0.4007814902 0.6929614639 0.6020742603 0.7459424406 0.8424351806
0.1783333333 0.6076383622 0.3988081300 0.6919082712 0.6026068498 0.7462894874 0.8424312570
0.1800000000 0.6074191085 0.3968852836 0.6908835989 0.6032163446 0.7466892477 0.8424294609
0.1816666667 0.6072037149 0.3950111316 0.6898874428 0.6039034320 0.7471416032 0.8424296711
0.1833333333 0.6069922338 0.3931848645 0.6889196736 0.6046692466 0.7476465012 0.8424320107
0.1850000000 0.6067847639 0.3914059008 0.6879802128 0.6055142342 0.7482040545 0.8424364040
0.1866666667 0.6065813557 0.3896764149 0.6870690685 0.6064383595 0.7488138998 0.8424429110
0.1883333333 0.6063821025 0.3879978831 0.6861860918 0.6074406693 0.7494759450 0.8424514706
0.1900000000 0.6061870529 0.3863692203 0.6853312066 0.6085213466 0.7501901500 0.8424622182
0.1916666667 0.6059962951 0.3847888463 0.6845044122 0.6096818209 0.7509566703 0.8424748858
0.1933333333 0.6058098754 0.3832573690 0.6837055540 0.6109214628 0.7517749957 0.8424899582
0.1950000000 0.6056278768 0.3817755915 0.6829345702 0.6122396838 0.7526448347 0.8425066711
0.1966666667 0.6054503436 0.3803408492 0.6821914411 0.6136378594 0.7535663374 0.8425261237
0.1983333333 0.6052773533 0.3789531726 0.6814760262 0.6151149876 0.7545395888 0.8425468444
0.2000000000 0.6051089483 0.3776131698 0.6807882421 0.6166713783 0.7555639419 0.8425706724
0.2016666667 0.6049452006 0.3763212922 0.6801280928 0.6183085160 0.7566392361 0.8425953998
0.2033333333 0.6047861507 0.3750758942 0.6794953966 0.6200247890 0.7577654436 0.8426235295
0.2050000000 0.6046318649 0.3738768973 0.6788901246 0.6218196934 0.7589424909 0.8426522902
0.2066666667 0.6044823821 0.3727243649 0.6783122279 0.6236949384 0.7601697772 0.8426845951
0.2083333333 0.6043377626 0.3716199583 0.6777615759 0.6256505470 0.7614470882 0.8427174194
0.2100000000 0.6041980435 0.3705614325 0.6772380887 0.6276852556 0.7627742887 0.8427537496
0.2116666667 0.6040632798 0.3695475884 0.6767417753 0.6297994863 0.7641513301 0.8427906425
0.2133333333 0.6039335062 0.3685791407 0.6762724352 0.6319932436 0.7655774900 0.8428308516
0.2150000000 0.6038087724 0.3676534436 0.6758300758 0.6342657030 0.7670523882 0.8428717714
0.2166666667 0.6036891107 0.3667723161 0.6754146240 0.6366205131 0.7685758748 0.8429157303
0.2183333333 0.6035745659 0.3659368126 0.6750259699 0.6390585565 0.7701477705 0.8429605828
0.2200000000 0.6034651674 0.3651442520 0.6746640305 0.6415790176 0.7717673026 0.8430081763
0.2216666667 0.6033609549 0.3643951625 0.6743288300 0.6441814776 0.7734340946 0.8430568263
0.2233333333 0.6032619554 0.3636894243 0.6740201565 0.6468643189 0.7751477641 0.8431079379
0.2250000000 0.6031682034 0.3630270095 0.6737380436 0.6496279284 0.7769079353 0.8431602281
0.2266666667 0.6030797232 0.3624091127 0.6734824042 0.6524747533 0.7787138920 0.8432147210
0.2283333333 0.6029965443 0.3618352353 0.6732531541 0.6554051281 0.7805651134 0.8432704896
0.2300000000 0.6029186880 0.3613051928 0.6730501971 0.6584185303 0.7824610158 0.8433281948
0.2316666667 0.6028461792 0.3608206847 0.6728735808 0.6615157274 0.7844012099 0.8433872814
0.2333333333 0.6027790358 0.3603803833 0.6727230898 0.6646952907 0.7863848388 0.8434479988
0.2350000000 0.6027172787 0.3599827101 0.6725987727 0.6679584718 0.7884110621 0.8435102376
0.2366666667 0.6026609216 0.3596273585 0.6725005377 0.6713062818 0.7904792667 0.8435737492
0.2383333333 0.6026099818 0.3593137139 0.6724283306 0.6747379973 0.7925890411 0.8436389525
0.2400000000 0.6025644688 0.3590421402 0.6723820360 0.6782528113 0.7947392119 0.8437050406
0.2416666667 0.6025243961 0.3588126814 0.6723617311 0.6818510885 0.7969286805 0.8437729826
0.2433333333 0.6024897695 0.3586271144 0.6723672015 0.6855318789 0.7991568197 0.8438414441
0.2450000000 0.6024605981 0.3584860393 0.6723985067 0.6892942197 0.8014229944 0.8439118531
0.2466666667 0.6024368841 0.3583870580 0.6724555553 0.6931406854 0.8037257311 0.8439825019
0.2483333333 0.6024186323 0.3583304942 0.6725383214 0.6970709746 0.8060638152 0.8440550662
0.2500000000 0.6024058413 0.3583159491 0.6726466757 0.7010840318 0.8084364153 0.8441277219
0.2516666667 0.6023985120 0.3583428095 0.6727807225 0.7051783250 0.8108424700 0.8442021082
0.2533333333 0.6023966387 0.3584124220 0.6729402478 0.7093530408 0.8132803418 0.8442765759
0.2550000000 0.6024002189 0.3585240911 0.6731253278 0.7136085565 0.8157487571 0.8443524517
0.2566666667 0.6024092422 0.3586783977 0.6733358689 0.7179469689 0.8182464344 0.8444285015
0.2583333333 0.6024237028 0.3588748014 0.6735718690 0.7223691897 0.8207717783 0.8445055540
0.2600000000 0.6024435861 0.3591131896 0.6738331960 0.7268743502 0.8233230577 0.8445829090
0.2616666667 0.6024688826 0.3593941267 0.6741199740 0.7314610101 0.8258988575 0.8446608514
0.2633333333 0.6024995734 0.3597179085 0.6744319852 0.7361270915 0.8284973277 0.8447391905
0.2650000000 0.6025356454 0.3600825440 0.6747693319 0.7408716604 0.8311163397 0.8448177541
0.2666666667 0.6025770756 0.3604895224 0.6751319129 0.7456954244 0.8337539555 0.8448967270
0.2683333333 0.6026238472 0.3609418790 0.6755197446 0.7505945644 0.8364084448 0.8449756439
0.2700000000 0.6026759330 0.3614376473 0.6759326997 0.7555718346 0.8390773942 0.8450548929
0.2716666667 0.6027333128 0.3619769079 0.6763709171 0.7606275321 0.8417581478 0.8451338767
0.2733333333 0.6027959548 0.3625601336 0.6768341697 0.7657595503 0.8444483390 0.8452130548
0.2750000000 0.6028638359 0.3631862622 0.6773225907 0.7709678229 0.8471457456 0.8452917899
0.2766666667 0.6029369195 0.3638564102 0.6778360674 0.7762508288 0.8498474100 0.8453705684
0.2783333333 0.6030151796 0.3645704398 0.6783746306 0.7816053892 0.8525500758 0.8454487116
0.2800000000 0.6030985748 0.3653277108 0.6789381590 0.7870296110 0.8552507520 0.8455267745
0.2816666667 0.6031870764 0.3661281266 0.6795268012 0.7925234278 0.8579465995 0.8456039684
0.2833333333 0.6032806382 0.3669725311 0.6801403216 0.7980810164 0.8606340587 0.8456809977
0.2850000000 0.6033792285 0.3678604061 0.6807788778 0.8036986514 0.8633091587 0.8457568907
0.2866666667 0.6034827968 0.3687914134 0.6814423452 0.8093754469 0.8659681532 0.8458325505
0.2883333333 0.6035913083 0.3697653531 0.6821307681 0.8151083664 0.8686074797 0.8459068121
0.2900000000 0.6037047081 0.3707835133 0.6828440232 0.8208963904 0.8712228322 0.8459807405
0.2916666667 0.6038229584 0.3718468170 0.6835822664 0.8267353614 0.8738094249 0.8460530669
0.2933333333 0.6039459998 0.3729558440 0.6843452576 0.8326178816 0.8763627655 0.8461248807
0.2950000000 0.6040737922 0.3741114863 0.6851331650 0.8385381354 0.8788783281 0.8461949870
0.2966666667 0.6042062708 0.3753142480 0.6859458528 0.8444910272 0.8813510102 0.8462642980
0.2983333333 0.6043433937 0.3765640038 0.6867833790 0.8504685166 0.8837753295 0.8463319017
0.3000000000 0.6044850909 0.3778605333 0.6876456073 0.8564620370 0.8861457806 0.8463983380
0.3016666667 0.6046313186 0.3792030443 0.6885326983 0.8624621523 0.8884570548 0.8464631417
0.3033333333 0.6047820013 0.3805915932 0.6894444098 0.8684572766 0.8907032462 0.8465263656
0.3050000000 0.6049370940 0.3820283495 0.6903809066 0.8744364815 0.8928780782 0.8465880486
0.3066666667 0.6050965154 0.3835119009 0.6913420418 0.8803832818 0.8949755733 0.8466477627
0.3083333333 0.6052602193 0.3850406458 0.6923278823 0.8862799899 0.8969894629 0.8467059847
0.3100000000 0.6054281188 0.3866171279 0.6933382727 0.8921078906 0.8989134308 0.8467619250
0.3116666667 0.6056001665 0.3882410110 0.6943733719 0.8978448412 0.9007408655 0.8468163427
0.3133333333 0.6057762699 0.3899115331 0.6954329321 0.9034605891 0.9024654467 0.8468682617
0.3150000000 0.6059563806 0.3916293071 0.6965171077 0.9089238974 0.9040808047 0.8469185511
0.3166666667 0.6061404001 0.3933961582 0.6976257351 0.9141984606 0.9055807320 0.8469661999
0.3183333333 0.6063282800 0.3952108175 0.6987588812 0.9192427091 0.9069589618 0.8470120752
0.3200000000 0.6065199150 0.3970746926 0.6999163701 0.9240033628 0.9082098319 0.8470551931
0.3216666667 0.6067152573 0.3989880151 0.7010983476 0.9284193671 0.9093276815 0.8470964140
0.3233333333 0.6069141944 0.4009518643 0.7023045534 0.9324217411 0.9103075805 0.8471347312
0.3250000000 0.6071166793 0.4029659263 0.7035351263 0.9359350048 0.9111446765 0.8471710968
0.3266666667 0.6073225926 0.4050306787 0.7047898779 0.9388789690 0.9118351573 0.8472043499
0.3283333333 0.6075318884 0.4071470184 0.7060688635 0.9411706773 0.9123753131 0.8472356823
0.3300000000 0.6077444399 0.4093148480 0.7073718825 0.9427432421 0.9127626858 0.8472636360
0.3316666667 0.6079602024 0.4115357085 0.7086990587 0.9435382406 0.9129950401 0.8472897620
0.3333333333 0.6081790422 0.4138099073 0.7100501055 0.9435331844 0.9130714486 0.8473122280
0.3350000000 0.6084009157 0.4161371511 0.7114251406 0.9427224392 0.9129911696 0.8473329672
0.3366666667 0.6086256822 0.4185185372 0.7128239425 0.9411416678 0.9127549687 0.8473498132
0.3383333333 0.6088532995 0.4209559595 0.7142465385 0.9388387418 0.9123638725 0.8473649790
0.3400000000 0.6090836200 0.4234501949 0.7156926984 0.9358892191 0.9118201351 0.8473761232
0.3416666667 0.6093166032 0.4260003801 0.7171625106 0.9323684024 0.9111261782 0.8473855369
0.3433333333 0.6095520939 0.4286054238 0.7186556511 0.9283568881 0.9102858005 0.8473909317
0.3450000000 0.6097900544 0.4312657779 0.7201722025 0.9239314577 0.9093029633 0.8473944434
0.3466666667 0.6100303215 0.4339809180 0.7217119026 0.9191593845 0.9081824405 0.8473940565
0.3483333333 0.6102728604 0.4367520539 0.7232747338 0.9141046971 0.9069290697 0.8473915647
0.3500000000 0.6105174999 0.4395795360 0.7248604240 0.9088171702 0.9055486748 0.8473853645
0.3516666667 0.6107642086 0.4424632133 0.7264690121 0.9033421023 0.9040470695 0.8473768266
0.3533333333 0.6110128074 0.4454063971 0.7281001251 0.8977150151 0.9024303600 0.8473647800
0.3550000000 0.6112632680 0.4484076390 0.7297537920 0.8919712400 0.9007045903 0.8473502097
0.3566666667 0.6115154040 0.4514675968 0.7314296960 0.8861362313 0.8988763942 0.8473322916
0.3583333333 0.6117691900 0.4545854805 0.7331277606 0.8802358978 0.8969522330 0.8473117452
0.3600000000 0.6120244325 0.4577640681 0.7348476527 0.8742866337 0.8949384166 0.8472879559
0.3616666667 0.6122811093 0.4610032880 0.7365893443 0.8683052172 0.8928411742 0.8472615149
0.3633333333 0.6125390199 0.4643033601 0.7383524002 0.8623057992 0.8906669480 0.8472318972
0.3650000000 0.6127981455 0.4676664688 0.7401367729 0.8563041071 0.8884220460 0.8471996544
0.3666666667 0.6130582785 0.4710912439 0.7419420732 0.8503106599 0.8861122323 0.8471643029
0.3683333333 0.6133194037 0.4745787823 0.7437681475 0.8443338995 0.8837432070 0.8471263583
0.3700000000 0.6135813068 0.4781304610 0.7456145819 0.8383817618 0.8813208862 0.8470854178
0.3716666667 0.6138439765 0.4817451151 0.7474812565 0.8324619745 0.8788507745 0.8470418856
0.3733333333 0.6141071914 0.4854240445 0.7493676579 0.8265783691 0.8763378931 0.8469955386
0.3750000000 0.6143709448 0.4891688621 0.7512736363 0.8207369523 0.8737871471 0.8469465613
0.3766666667 0.6146350082 0.4929808563 0.7531987071 0.8149452500 0.8712035547 0.8468950125
0.3783333333 0.6148993794 0.4968605185 0.7551426153 0.8092113549 0.8685919245 0.8468407747
0.3800000000 0.6151638233 0.5008070936 0.7571048447 0.8035361153 0.8659563121 0.8467842375
0.3816666667 0.6154283426 0.5048222148 0.7590851542 0.7979211675 0.8633007951 0.8467249737
0.3833333333 0.6156926954 0.5089073511 0.7610829268 0.7923684151 0.8606296324 0.8466636660
0.3850000000 0.6159568895 0.5130634400 0.7630978835 0.7868812104 0.8579467577 0.8465996572
0.3866666667 0.6162206767 0.5172895984 0.7651294173 0.7814615027 0.8552554540 0.8465338077
0.3883333333 0.6164840699 0.5215866363 0.7671771387 0.7761078492 0.8525590535 0.8464653692
0.3900000000 0.6167468147 0.5259553227 0.7692404037 0.7708247810 0.8498610349 0.8463952294
0.3916666667 0.6170089295 0.5303957018 0.7713188170 0.7656147731 0.8471646410 0.8463226944
0.3933333333 0.6172701542 0.5349090674 0.7734116241 0.7604800340 0.8444724876 0.8462485521
0.3950000000 0.6175305124 0.5394937153 0.7755183850 0.7554236282 0.8417872277 0.8461722577
0.3966666667 0.6177897384 0.5441513338 0.7776383395 0.7504462111 0.8391117070 0.8460944440
0.3983333333 0.6180478618 0.5488834653 0.7797709239 0.7455471879 0.8364485929 0.8460147254
0.4000000000 0.6183046116 0.5536909801 0.7819153313 0.7407276508 0.8337999158 0.8459336124
0.4016666667 0.6185600229 0.5585740166 0.7840709762 0.7359889653 0.8311677840 0.8458508068
0.4033333333 0.6188138199 0.5635319810 0.7862369290 0.7313295361 0.8285545488 0.8457667962
0.4050000000 0.6190660440 0.5685674897 0.7884125473 0.7267515884 0.8259623681 0.8456812527
0.4066666667 0.6193164144 0.5736804385 0.7905968793 0.7222546258 0.8233927815 0.8455947599
0.4083333333 0.6195649787 0.5788724140 0.7927891438 0.7178377600 0.8208475116 0.8455068521
0.4100000000 0.6198114518 0.5841433240 0.7949883313 0.7135022722 0.8183284955 0.8454182919
0.4116666667 0.6200558878 0.5894926069 0.7971936226 0.7092506448 0.8158374123 0.8453284245
0.4133333333 0.6202979976 0.5949220927 0.7994038676 0.7050804424 0.8133754466 0.8452382038
0.4150000000 0.6205378416 0.6004308218 0.8016181763 0.7009904802 0.8109440784 0.8451468117
0.4166666667 0.6207751271 0.6060199817 0.8038353633 0.6969818074 0.8085448422 0.8450553304
0.4183333333 0.6210099214 0.6116909544 0.8060543819 0.6930544364 0.8061789760 0.8449628687
0.4200000000 0.6212419282 0.6174421637 0.8082739724 0.6892092896 0.8038474626 0.8448705288
0.4216666667 0.6214712217 0.6232746845 0.8104930352 0.6854469407 0.8015516164 0.8447774581
0.4233333333 0.6216975028 0.6291886715 0.8127101559 0.6817680660 0.7992925681 0.8446846736
0.4250000000 0.6219208526 0.6351857309 0.8149241463 0.6781731004 0.7970712176 0.8445914462
0.4266666667 0.6221409693 0.6412657283 0.8171335419 0.6746604685 0.7948884347 0.8444986502
0.4283333333 0.6223579413 0.6474254190 0.8193369838 0.6712278097 0.7927453320 0.8444057022
0.4300000000 0.6225714646 0.6536673840 0.8215329177 0.6678757950 0.7906427207 0.8443133467
0.4316666667 0.6227816348 0.6599936206 0.8237199172 0.6646026908 0.7885813438 0.8442210977
0.4333333333 0.6229881460 0.6664004459 0.8258962631 0.6614111187 0.7865619118 0.8441296452
0.4350000000 0.6231911013 0.6728892929 0.8280604252 0.6583027158 0.7845852516 0.8440385049
0.4366666667 0.6233901934 0.6794613152 0.8302106231 0.6552764884 0.7826520262 0.8439484155
0.4383333333 0.6235855328 0.6861169505 0.8323451487 0.6523316944 0.7807629369 0.8438587930
0.4400000000 0.6237768112 0.6928559125 0.8344621221 0.6494683992 0.7789184636 0.8437705116
0.4416666667 0.6239641467 0.6996779190 0.8365597582 0.6466853599 0.7771192034 0.8436828219
0.4433333333 0.6241472305 0.7065788773 0.8386360147 0.6439833322 0.7753657387 0.8435967698
0.4450000000 0.6243261883 0.7135578609 0.8406889971 0.6413641434 0.7736586496 0.8435114350
0.4466666667 0.6245007109 0.7206144100 0.8427165992 0.6388266988 0.7719982841 0.8434280080
0.4483333333 0.6246709320 0.7277490565 0.8447167591 0.6363704181 0.7703851753 0.8433454509
0.4500000000 0.6248365427 0.7349591053 0.8466872781 0.6339950624 0.7688197253 0.8432650244
0.4516666667 0.6249976842 0.7422398109 0.8486260208 0.6317008012 0.7673023377 0.8431856585
0.4533333333 0.6251540483 0.7495911597 0.8505306524 0.6294867135 0.7658333595 0.8431085941
0.4550000000 0.6253057843 0.7570110880 0.8523989449 0.6273505407 0.7644132485 0.8430328130
0.4566666667 0.6254525847 0.7644958116 0.8542285196 0.6252921609 0.7630422398 0.8429594640
0.4583333333 0.6255946067 0.7720412339 0.8560170216 0.6233107467 0.7617207006 0.8428876345
0.4600000000 0.6257315446 0.7796437802 0.8577620150 0.6214086724 0.7604488970 0.8428183469
0.4616666667 0.6258635631 0.7873004670 0.8594611088 0.6195877734 0.7592271318 0.8427508072
0.4633333333 0.6259903584 0.7950050910 0.8611117952 0.6178466449 0.7580555996 0.8426859152
0.4650000000 0.6261121033 0.8027505560 0.8627116400 0.6161847229 0.7569346639 0.8426229786
0.4666666667 0.6262284961 0.8105294556 0.8642581596 0.6146022963 0.7558644626 0.8425627966
0.4683333333 0.6263397173 0.8183332537 0.8657488744 0.6131010035 0.7548452743 0.8425047561
0.4700000000 0.6264454680 0.8261509941 0.8671813204 0.6116781468 0.7538771932 0.8424495719
0.4716666667 0.6265459365 0.8339715919 0.8685530761 0.6103302712 0.7529604766 0.8423967030
0.4733333333 0.6266408269 0.8417814959 0.8698617109 0.6090583485 0.7520952862 0.8423467744
0.4750000000 0.6267303353 0.8495626393 0.8711048633 0.6078620434 0.7512818367 0.8422993337
0.4766666667 0.6268141690 0.8572936719 0.8722802481 0.6067445056 0.7505201620 0.8422548891
0.4783333333 0.6268925319 0.8649504121 0.8733855847 0.6057057773 0.7498104685 0.8422131093
0.4800000000 0.6269651352 0.8725036033 0.8744187375 0.6047445694 0.7491528865 0.8421743519
0.4816666667 0.6270321900 0.8799197785 0.8753776237 0.6038609886 0.7485475128 0.8421384354
0.4833333333 0.6270934119 0.8871542049 0.8762602886 0.6030549014 0.7479943754 0.8421055473
0.4850000000 0.6271490193 0.8941554936 0.8770648539 0.6023273727 0.7474937151 0.8420756608
0.4866666667 0.6271987323 0.9008586865 0.8777896607 0.6016783406 0.7470455199 0.8420488048
0.4883333333 0.6272427765 0.9071889371 0.8784330686 0.6011060933 0.7466499153 0.8420250786
0.4900000000 0.6272808769 0.9130540262 0.8789937122 0.6006098839 0.7463068806 0.8420043955
0.4916666667 0.6273132663 0.9183479010 0.8794703003 0.6001898955 0.7460165389 0.8419869260
0.4933333333 0.6273396745 0.9229466114 0.8798617913 0.5998464334 0.7457789210 0.8419725298
0.4950000000 0.6273603414 0.9267186373 0.8801672328 0.5995792914 0.7455940919 0.8419613840
0.4966666667 0.6273750023 0.9295366791 0.8803860011 0.5993888339 0.7454620026 0.8419533564
0.4983333333 0.6273839036 0.9312787731 0.8805175049 0.5992737345 0.7453828021 0.8419485756
0.5000000000 0.6273867864 0.9318732205 0.8805615035 0.5992364615 0.7453563816 0.8419469633
0.5016666667 0.6273839036 0.9312787540 0.8805178468 0.5992793314 0.7453828020 0.8419485642
0.5033333333 0.6273750023 0.9295366424 0.8803866840 0.5993996507 0.7454620025 0.8419533783
0.5050000000 0.6273603414 0.9267185872 0.8801682547 0.5995956924 0.7455940918 0.8419613513
0.5066666667 0.6273396746 0.9229465495 0.8798631493 0.5998686294 0.7457789208 0.8419725703
0.5083333333 0.6273132663 0.9183478301 0.8794719907 0.6002173264 0.7460165387 0.8419868768
0.5100000000 0.6272808770 0.9130539472 0.8789957302 0.6006424411 0.7463068802 0.8420044487
0.5116666667 0.6272427766 0.9071888513 0.8784354086 0.6011441131 0.7466499150 0.8420250201
0.5133333333 0.6271987323 0.9008585953 0.8777923163 0.6017215412 0.7470455194 0.8420488626
0.5150000000 0.6271490194 0.8941553963 0.8770678180 0.6023754259 0.7474937149 0.8420756016
0.5166666667 0.6270934120 0.8871541041 0.8762635534 0.6031082660 0.7479943749 0.8421056006
0.5183333333 0.6270321901 0.8799196746 0.8753811807 0.6039200026 0.7485475125 0.8421383850
0.5200000000 0.6269651353 0.8725034970 0.8744225775 0.6048089026 0.7491528859 0.8421743913
0.5216666667 0.6268925320 0.8649503047 0.8733896981 0.6057751232 0.7498104682 0.8422130770
0.5233333333 0.6268141692 0.8572935632 0.8722846248 0.6068190079 0.7505201615 0.8422549058
0.5250000000 0.6267303354 0.8495625295 0.8711094928 0.6079416121 0.7512818363 0.8422993276
0.5266666667 0.6266408271 0.8417813854 0.8698665824 0.6091427368 0.7520952857 0.8423467608
0.5283333333 0.6265459367 0.8339714797 0.8685581785 0.6104197228 0.7529604761 0.8423967302
0.5300000000 0.6264454681 0.8261508794 0.8671866424 0.6117727807 0.7538771928 0.8424495219
0.5316666667 0.6263397175 0.8183331382 0.8657544045 0.6132005451 0.7548452739 0.8425048219
0.5333333333 0.6262284962 0.8105293388 0.8642638860 0.6147070647 0.7558644621 0.8425627056
0.5350000000 0.6261121035 0.8027504382 0.8627175511 0.6162953690 0.7569346634 0.8426230868
0.5366666667 0.6259903586 0.7950049741 0.8611178792 0.6179628015 0.7580555992 0.8426857803
0.5383333333 0.6258635633 0.7873003506 0.8594673542 0.6197087984 0.7592271313 0.8427509601
0.5400000000 0.6257315448 0.7796436661 0.8577684100 0.6215346455 0.7604488965 0.8428181666
0.5416666667 0.6255946070 0.7720411235 0.8560235548 0.6234417954 0.7617207000 0.8428878329
0.5433333333 0.6254525849 0.7644957036 0.8542351794 0.6254283558 0.7630422393 0.8429592379
0.5450000000 0.6253057845 0.7570109848 0.8524057202 0.6274921900 0.7644132479 0.8430330569
0.5466666667 0.6251540486 0.7495910616 0.8505375320 0.6296338871 0.7658333589 0.8431083230
0.5483333333 0.6249976845 0.7422397175 0.8486329939 0.6318533069 0.7673023371 0.8431859464
0.5500000000 0.6248365429 0.7349590184 0.8466943341 0.6341529821 0.7688197247 0.8432647104
0.5516666667 0.6246709323 0.7277489757 0.8447238876 0.6365338035 0.7703851747 0.8433457803
0.5533333333 0.6245007112 0.7206143337 0.8427237899 0.6389955441 0.7719982835 0.8434276543
0.5550000000 0.6243261885 0.7135577899 0.8406962403 0.6415386534 0.7736586489 0.8435118022
0.5566666667 0.6241472308 0.7065788101 0.8386433007 0.6441635393 0.7753657381 0.8435963807
0.5583333333 0.6239641470 0.6996778534 0.8365670776 0.6468710076 0.7771192027 0.8436832220
0.5600000000 0.6237768115 0.6928558506 0.8344694659 0.6496594512 0.7789184629 0.8437700928
0.5616666667 0.6235855331 0.6861168880 0.8323525083 0.6525282252 0.7807629362 0.8438592196
0.5633333333 0.6233901937 0.6794612537 0.8302179898 0.6554786471 0.7826520255 0.8439479739
0.5650000000 0.6231911016 0.6728892319 0.8280677911 0.6585106770 0.7845852509 0.8440389508
0.5666666667 0.6229881463 0.6664003842 0.8259036201 0.6616249139 0.7865619110 0.8441291887
0.5683333333 0.6227816351 0.6599935593 0.8237272578 0.6648222965 0.7885813431 0.8442215544
0.5700000000 0.6225714650 0.6536673224 0.8215402345 0.6681012169 0.7906427199 0.8443128844
0.5716666667 0.6223579417 0.6474253575 0.8193442699 0.6714593354 0.7927453313 0.8444061604
0.5733333333 0.6221409697 0.6412656664 0.8171407905 0.6748981127 0.7948884340 0.8444981916
0.5750000000 0.6219208529 0.6351856694 0.8149313510 0.6784163103 0.7970712168 0.8445918963
0.5766666667 0.6216975031 0.6291886084 0.8127173104 0.6820167027 0.7992925673 0.8446842284
0.5783333333 0.6214712221 0.6232746212 0.8105001338 0.6857017987 0.8015516156 0.8447778903
0.5800000000 0.6212419285 0.6174421001 0.8082810092 0.6894705039 0.8038474618 0.8448701067
0.5816666667 0.6210099217 0.6116908902 0.8060613517 0.6933212970 0.8061789752 0.8449632737
0.5833333333 0.6207751275 0.6060199175 0.8038422609 0.6972540562 0.8085448415 0.8450549406
0.5850000000 0.6205378420 0.6004307583 0.8016249967 0.7012686883 0.8109440777 0.8451471807
0.5866666667 0.6202979980 0.5949220290 0.7994106061 0.7053649269 0.8133754459 0.8452378545
0.5883333333 0.6200558882 0.5894925437 0.7972002749 0.7095415519 0.8158374116 0.8453287497
0.5900000000 0.6198114522 0.5841432621 0.7949948931 0.7137991581 0.8183284948 0.8454179905
0.5916666667 0.6195649790 0.5788723524 0.7927956111 0.7181400579 0.8208475109 0.8455071269
0.5933333333 0.6193164147 0.5736803800 0.7906032482 0.7225629513 0.8233927807 0.8455945123
0.5950000000 0.6190660443 0.5685674339 0.7884188144 0.7270662452 0.8259623674 0.8456814718
0.5966666667 0.6188138203 0.5635319286 0.7862430907 0.7316501386 0.8285545481 0.8457666071
0.5983333333 0.6185600233 0.5585739696 0.7840770295 0.7363150623 0.8311677833 0.8458509662
0.6000000000 0.6183046119 0.5536909372 0.7819212730 0.7410595850 0.8337999151 0.8459334853
0.6016666667 0.6180478622 0.5488834269 0.7797767513 0.7458852136 0.8364485922 0.8460148224
0.6033333333 0.6177897388 0.5441513003 0.7776440498 0.7507902097 0.8391117063 0.8460943810
0.6050000000 0.6175305127 0.5394936836 0.7755239758 0.7557732619 0.8417872271 0.8461722906
0.6066666667 0.6172701546 0.5349090393 0.7734170930 0.7608355759 0.8444724870 0.8462485542
0.6083333333 0.6170089299 0.5303956747 0.7713241618 0.7659761648 0.8471646404 0.8463226630
0.6100000000 0.6167468151 0.5259552969 0.7692456224 0.7711914502 0.8498610343 0.8463952965
0.6116666667 0.6164840702 0.5215866110 0.7671822294 0.7764795116 0.8525590529 0.8464652742
0.6133333333 0.6162206771 0.5172895733 0.7651343781 0.7818381350 0.8552554534 0.8465339384
0.6150000000 0.6159568899 0.5130634138 0.7631027130 0.7872633520 0.8579467572 0.8465995005
0.6166666667 0.6156926958 0.5089073227 0.7610876235 0.7927558755 0.8606296318 0.8466638579
0.6183333333 0.6154283430 0.5048221853 0.7590897166 0.7983132532 0.8633007946 0.8467247581
0.6200000000 0.6151638237 0.5008070594 0.7571092716 0.8039322868 0.8659563116 0.8467844870
0.6216666667 0.6148993798 0.4968604831 0.7551469055 0.8096124319 0.8685919240 0.8468405045
0.6233333333 0.6146350085 0.4929808185 0.7532028597 0.8153512042 0.8712035543 0.8468953150
0.6250000000 0.6143709452 0.4891688228 0.7512776502 0.8211468979 0.8737871467 0.8469462417
0.6266666667 0.6141071918 0.4854240057 0.7493715324 0.8269916635 0.8763378928 0.8469958883
0.6283333333 0.6138439769 0.4817450765 0.7474849909 0.8328788908 0.8788507743 0.8470415231
0.6300000000 0.6135813071 0.4781304242 0.7456181756 0.8388016206 0.8813208859 0.8470858075
0.6316666667 0.6133194041 0.4745787489 0.7437715999 0.8447563588 0.8837432068 0.8471259605
0.6333333333 0.6130582788 0.4710912137 0.7419453839 0.8507359283 0.8861122321 0.8471647245
0.6350000000 0.6127981458 0.4676664422 0.7401399416 0.8567316284 0.8884220458 0.8471992299
0.6366666667 0.6125390202 0.4643033382 0.7383554265 0.8627343343 0.8906669478 0.8472323415
0.6383333333 0.6122811096 0.4610032687 0.7365922281 0.8687341362 0.8928411742 0.8472610733
0.6400000000 0.6120244328 0.4577640531 0.7348503938 0.8747161104 0.8949384165 0.8472884131
0.6416666667 0.6117691902 0.4545854682 0.7331303590 0.8806643646 0.8969522330 0.8473112967
0.6433333333 0.6115154043 0.4514675855 0.7314321517 0.8865621577 0.8988763942 0.8473327511
0.6450000000 0.6112632682 0.4484076299 0.7297561052 0.8923928939 0.9007045904 0.8473497648
0.6466666667 0.6110128077 0.4454063891 0.7281022958 0.8981311806 0.9024303602 0.8473652313
0.6483333333 0.6107642088 0.4424632056 0.7264710406 0.9037513447 0.9040470697 0.8473763959
0.6500000000 0.6105175001 0.4395795301 0.7248623105 0.9092171299 0.9055486751 0.8473857969
0.6516666667 0.6102728606 0.4367520487 0.7232764786 0.9144924374 0.9069290700 0.8473911586
0.6533333333 0.6100303216 0.4339809139 0.7217135062 0.9195316884 0.9081824409 0.8473944600
0.6550000000 0.6097900546 0.4312657757 0.7201736653 0.9242843143 0.9093029638 0.8473940716
0.6566666667 0.6095520941 0.4286054237 0.7186569735 0.9286860120 0.9102858010 0.8473912970
0.6583333333 0.6093166033 0.4260003825 0.7171636932 0.9326687510 0.9111261788 0.8473852081
0.6600000000 0.6090836200 0.4234501990 0.7156937418 0.9361550270 0.9118201356 0.8473764420
0.6616666667 0.6088532996 0.4209559664 0.7142474433 0.9390648852 0.9123638731 0.8473647006
0.6633333333 0.6086256822 0.4185185429 0.7128247093 0.9413222206 0.9127549694 0.8473500790
0.6650000000 0.6084009157 0.4161371593 0.7114257702 0.9428513665 0.9129911703 0.8473327450
0.6666666667 0.6081790422 0.4138099136 0.7100505986 0.9436069537 0.9130714493 0.8473124356
0.6683333333 0.6079602024 0.4115357143 0.7086994161 0.9435562577 0.9129950408 0.8472896001
0.6700000000 0.6077444399 0.4093148524 0.7073721050 0.9427057407 0.9127626867 0.8472637823
0.6716666667 0.6075318883 0.4071470200 0.7060689520 0.9410793213 0.9123753139 0.8472355828
0.6733333333 0.6073225925 0.4050306785 0.7047898333 0.9387378655 0.9118351581 0.8472044336
0.6750000000 0.6071166792 0.4029659238 0.7035349494 0.9357490719 0.9111446774 0.8471710599
0.6766666667 0.6069141942 0.4009518592 0.7023042452 0.9321962970 0.9103075815 0.8471347531
0.6783333333 0.6067152571 0.3989880076 0.7010979090 0.9281595493 0.9093276824 0.8470964380
0.6800000000 0.6065199148 0.3970746838 0.6999158022 0.9237139293 0.9082098328 0.8470551557
0.6816666667 0.6063282798 0.3952108077 0.6987581850 0.9189284988 0.9069589627 0.8470121566
0.6833333333 0.6061403999 0.3933961502 0.6976249117 0.9138635041 0.9055807330 0.8469661075
0.6850000000 0.6059563803 0.3916293002 0.6965161582 0.9085713409 0.9040808056 0.8469186845
0.6866666667 0.6057762695 0.3899115291 0.6954318575 0.9030936068 0.9024654475 0.8468681203
0.6883333333 0.6056001661 0.3882410094 0.6943721733 0.8974662413 0.9007408664 0.8468165213
0.6900000000 0.6054281184 0.3866171307 0.6933369514 0.8917194984 0.8989134318 0.8467617419
0.6916666667 0.6052602189 0.3850406516 0.6923264393 0.8858829930 0.8969894637 0.8467062008
0.6933333333 0.6050965150 0.3835119111 0.6913404784 0.8799796407 0.8949755740 0.8466475461
0.6950000000 0.6049370935 0.3820283628 0.6903792240 0.8740278355 0.8928780790 0.8465882934
0.6966666667 0.6047820007 0.3805916100 0.6894426091 0.8680449694 0.8907032471 0.8465261245
0.6983333333 0.6046313180 0.3792030632 0.6885307809 0.8620465760 0.8884570555 0.8464634059
0.7000000000 0.6044850902 0.3778605538 0.6876435744 0.8560437568 0.8861457812 0.8463980816
0.7016666667 0.6043433931 0.3765640244 0.6867812318 0.8500490216 0.8837753303 0.8463321757
0.7033333333 0.6042062701 0.3753142681 0.6859435927 0.8440710883 0.8813510110 0.8462640358
0.7050000000 0.6040737914 0.3741115059 0.6851307933 0.8381180330 0.8788783287 0.8461952618
0.7066666667 0.6039459990 0.3729558616 0.6843427755 0.8321981776 0.8763627659 0.8461246216
0.7083333333 0.6038229576 0.3718468348 0.6835796753 0.8263163568 0.8738094255 0.8460533335
0.7100000000 0.6037047071 0.3707835274 0.6828413244 0.8204783957 0.8712228330 0.8459804928
0.7116666667 0.6035913073 0.3697653672 0.6821279630 0.8146921474 0.8686074801 0.8459070626
0.7133333333 0.6034827958 0.3687914248 0.6814394351 0.8089612994 0.8659681534 0.8458323216
0.7150000000 0.6033792274 0.3678604166 0.6807758642 0.8032866398 0.8633091593 0.8457571182
0.7166666667 0.6032806371 0.3669725402 0.6801372057 0.7976712047 0.8606340593 0.8456807938
0.7183333333 0.6031870752 0.3661281353 0.6795235846 0.7921160721 0.8579465996 0.8456041673
0.7200000000 0.6030985736 0.3653277192 0.6789348430 0.7866245675 0.8552507520 0.8455266005
0.7216666667 0.6030151784 0.3645704480 0.6783712165 0.7812031213 0.8525500762 0.8454488776
0.7233333333 0.6029369181 0.3638564180 0.6778325568 0.7758519229 0.8498474105 0.8453704278
0.7250000000 0.6028638346 0.3631862692 0.6773189849 0.7705723187 0.8471457456 0.8452919203
0.7266666667 0.6027959534 0.3625601406 0.6768304703 0.7653674711 0.8444483388 0.8452129494
0.7283333333 0.6027333114 0.3619769140 0.6763671254 0.7602392287 0.8417581480 0.8451339703
0.7300000000 0.6026759315 0.3614376540 0.6759288173 0.7551873112 0.8390773944 0.8450548233
0.7316666667 0.6026238457 0.3609418853 0.6755157728 0.7502129459 0.8364084445 0.8449757008
0.7333333333 0.6025770740 0.3604895289 0.6751278533 0.7453166240 0.8337539552 0.8448966922
0.7350000000 0.6025356438 0.3600825515 0.6747651859 0.7404971226 0.8311163397 0.8448177760
0.7366666667 0.6024995717 0.3597179177 0.6744277543 0.7357567899 0.8284973276 0.8447391882
0.7383333333 0.6024688809 0.3593941375 0.6741156596 0.7310946663 0.8258988570 0.8446608410
0.7400000000 0.6024435844 0.3591132036 0.6738287997 0.7265121155 0.8233230572 0.8445829360
0.7416666667 0.6024237011 0.3588748181 0.6735673924 0.7220108427 0.8207717781 0.8445055150
0.7433333333 0.6024092404 0.3586784181 0.6733313134 0.7175922100 0.8182464340 0.8444285536
0.7450000000 0.6024002171 0.3585241152 0.6731206949 0.7132575754 0.8157487564 0.8443523886
0.7466666667 0.6023966369 0.3584124498 0.6729355391 0.7090063321 0.8132803412 0.8442766484
0.7483333333 0.6023985102 0.3583428395 0.6727759394 0.7048354692 0.8108424697 0.8442020258
0.7500000000 0.6024058395 0.3583159818 0.6726418199 0.7007450181 0.8084364146 0.8441278098
0.7516666667 0.6024186305 0.3583305290 0.6725333941 0.6967360503 0.8060638143 0.8440549698
0.7533333333 0.6024368823 0.3583870940 0.6724505584 0.6928097734 0.8037257305 0.8439825999
0.7550000000 0.6024605963 0.3584860767 0.6723934415 0.6889673673 0.8014229938 0.8439117477
0.7566666667 0.6024897678 0.3586271507 0.6723620697 0.6852094395 0.7991568187 0.8438415473
0.7583333333 0.6025243944 0.3588127164 0.6723565341 0.6815331678 0.7969286795 0.8437728731
0.7600000000 0.6025644671 0.3590421719 0.6723767755 0.6779388982 0.7947392112 0.8437051443
0.7616666667 0.6026099800 0.3593137430 0.6724230080 0.6744274421 0.7925890402 0.8436388434
0.7633333333 0.6026609199 0.3596273855 0.6724951547 0.6709995945 0.7904792655 0.8435738492
0.7650000000 0.6027172770 0.3599827342 0.6725933308 0.6676561872 0.7884110610 0.8435101328
0.7666666667 0.6027790342 0.3603804067 0.6727175906 0.6643968845 0.7863848378 0.8434480916
0.7683333333 0.6028461775 0.3608207063 0.6728680259 0.6612210357 0.7844012088 0.8433871841
0.7700000000 0.6029186864 0.3613052150 0.6730445881 0.6581280188 0.7824610146 0.8433282774
0.7716666667 0.6029965426 0.3618352578 0.6732474926 0.6551188517 0.7805651122 0.8432704023
0.7733333333 0.6030797217 0.3624091365 0.6734766918 0.6521926455 0.7787138907 0.8432147916
0.7750000000 0.6031682019 0.3630270348 0.6737322819 0.6493497436 0.7769079340 0.8431601524
0.7766666667 0.6032619540 0.3636894521 0.6740143470 0.6465894360 0.7751477629 0.8431079951
0.7783333333 0.6033609535 0.3643951935 0.6743229744 0.6439098494 0.7734340932 0.8430567632
0.7800000000 0.6034651660 0.3651442866 0.6746581305 0.6413111929 0.7717673012 0.8430082197
0.7816666667 0.6035745645 0.3659368499 0.6750200270 0.6387947216 0.7701477691 0.8429605324
0.7833333333 0.6036891094 0.3667723559 0.6754086399 0.6363602710 0.7685758733 0.8429157600
0.7850000000 0.6038087711 0.3676534843 0.6758240522 0.6340087408 0.7670523867 0.8428717333
0.7866666667 0.6039335049 0.3685791834 0.6762663738 0.6317395333 0.7655774886 0.8428308684
0.7883333333 0.6040632785 0.3695476312 0.6767356776 0.6295491670 0.7641513285 0.8427906157
0.7900000000 0.6041980423 0.3705614760 0.6772319564 0.6274383515 0.7627742870 0.8427537547
0.7916666667 0.6043377613 0.3716200023 0.6777554107 0.6254074676 0.7614470865 0.8427174025
0.7933333333 0.6044823809 0.3727244088 0.6783060315 0.6234558260 0.7601697755 0.8426845903
0.7950000000 0.6046318637 0.3738769424 0.6788838987 0.6215838619 0.7589424893 0.8426522815
0.7966666667 0.6047861496 0.3750759399 0.6794891428 0.6197918663 0.7577654420 0.8426235165
0.7983333333 0.6049451994 0.3763213400 0.6801218129 0.6180787662 0.7566392344 0.8425953974
0.8000000000 0.6051089473 0.3776132191 0.6807819378 0.6164449249 0.7555639402 0.8425706531
0.8016666667 0.6052773522 0.3789532253 0.6814696992 0.6148917858 0.7545395870 0.8425468465
0.8033333333 0.6054503426 0.3803409031 0.6821850932 0.6134181756 0.7535663355 0.8425261001
0.8050000000 0.6056278758 0.3817756477 0.6829282030 0.6120232603 0.7526448328 0.8425066761
0.8066666667 0.6058098744 0.3832574261 0.6836991693 0.6107078840 0.7517749939 0.8424899319
0.8083333333 0.6059962941 0.3847889036 0.6844980119 0.6094713365 0.7509566684 0.8424748921
0.8100000000 0.6061870520 0.3863692793 0.6853247923 0.6083143456 0.7501901481 0.8424621908
0.8116666667 0.6063821015 0.3879979417 0.6861796653 0.6072371906 0.7494759430 0.8424514768
0.8133333333 0.6065813547 0.3896764745 0.6870626317 0.6062379766 0.7488138979 0.8424428835
0.8150000000 0.6067847630 0.3914059593 0.6879737674 0.6053166425 0.7482040525 0.8424364093
0.8166666667 0.6069922330 0.3931849240 0.6889132215 0.6044743267 0.7476464993 0.8424319840
0.8183333333 0.6072037141 0.3950111885 0.6898809856 0.6037113990 0.7471416013 0.8424296749
0.8200000000 0.6074191077 0.3968853408 0.6908771387 0.6030275341 0.7466892458 0.8424294355
0.8216666667 0.6076383614 0.3988081853 0.6919018098 0.6024209297 0.7462894853 0.8424312591
0.8233333333 0.6078613712 0.4007815455 0.6929550031 0.6018909236 0.7459424386 0.8424351567
0.8250000000 0.6080880828 0.4028056246 0.6940367674 0.6014406558 0.7456483140 0.8424411305
0.8266666667 0.6083183871 0.4048796324 0.6951472556 0.6010709051 0.7454069729 0.8424490528
0.8283333333 0.6085522279 0.4070041621 0.6962864263 0.6007806768 0.7452184878 0.8424592249
0.8300000000 0.6087894909 0.4091813019 0.6974543490 0.6005680921 0.7450829531 0.8424710283
0.8316666667 0.6090301181 0.4114089721 0.6986511165 0.6004321791 0.7450004187 0.8424854365
0.8333333333 0.6092739904 0.4136872474 0.6998767369 0.6003737205 0.7449706933 0.8425009952
0.8350000000 0.6095210475 0.4160173065 0.7011311975 0.6003944423 0.7449941106 0.8425196228
0.8366666667 0.6097711660 0.4184002964 0.7024146554 0.6004943903 0.7450705441 0.8425388711
0.8383333333 0.6100242832 0.4208382066 0.7037270281 0.6006723672 0.7451999365 0.8425616153
0.8400000000 0.6102802716 0.4233332344 0.7050683663 0.6009286163 0.7453821402 0.8425845597
0.8416666667 0.6105390662 0.4258835593 0.7064387114 0.6012649180 0.7456173131 0.8426112298
0.8433333333 0.6108005354 0.4284894648 0.7078380891 0.6016799001 0.7459053865 0.8426379230
0.8450000000 0.6110646120 0.4311507256 0.7092664081 0.6021726613 0.7462463916 0.8426682724
0.8466666667 0.6113311603 0.4338670806 0.7107238203 0.6027440615 0.7466399990 0.8426987653
0.8483333333 0.6116001114 0.4366403692 0.7122102007 0.6033948137 0.7470863502 0.8427325475
0.8500000000 0.6118713251 0.4394699211 0.7137255786 0.6041250281 0.7475853279 0.8427668372
0.8516666667 0.6121447314 0.4423576785 0.7152699312 0.6049356912 0.7481369354 0.8428038595
0.8533333333 0.6124201854 0.4453040485 0.7168432804 0.6058252755 0.7487409340 0.8428418556
0.8550000000 0.6126976159 0.4483083790 0.7184454845 0.6067935073 0.7493972259 0.8428820030
0.8566666667 0.6129768739 0.4513743618 0.7200766513 0.6078406711 0.7501056779 0.8429235248
0.8583333333 0.6132578870 0.4544991281 0.7217366232 0.6089678737 0.7508664738 0.8429667436
0.8600000000 0.6135405022 0.4576828604 0.7234254015 0.6101751956 0.7516792789 0.8430115486
0.8616666667 0.6138246456 0.4609279953 0.7251429238 0.6114639707 0.7525437318 0.8430577980
0.8633333333 0.6141101607 0.4642329485 0.7268891290 0.6128326107 0.7534596853 0.8431056296
0.8650000000 0.6143969721 0.4675997179 0.7286638839 0.6142802105 0.7544275373 0.8431548279
0.8666666667 0.6146849197 0.4710302829 0.7304671905 0.6158066952 0.7554468228 0.8432054646
0.8683333333 0.6149739268 0.4745249469 0.7322988270 0.6174125180 0.7565170521 0.8432574566
0.8700000000 0.6152638298 0.4780854045 0.7341586985 0.6190991472 0.7576379891 0.8433107373
0.8716666667 0.6155545502 0.4817108427 0.7360466714 0.6208661636 0.7588099917 0.8433652953
0.8733333333 0.6158459212 0.4854007995 0.7379625125 0.6227124265 0.7600326536 0.8434211052
0.8750000000 0.6161378623 0.4891559437 0.7399059985 0.6246370811 0.7613053096 0.8434779588
0.8766666667 0.6164302037 0.4929769196 0.7418770382 0.6266405361 0.7626276441 0.8435361797
0.8783333333 0.6167228628 0.4968653456 0.7438752530 0.6287214305 0.7640000418 0.8435950659
0.8800000000 0.6170156675 0.5008211300 0.7459004492 0.6308819648 0.7654219372 0.8436555142
0.8816666667 0.6173085329 0.5048451187 0.7479524166 0.6331228661 0.7668925145 0.8437162272
0.8833333333 0.6176012851 0.5089377108 0.7500308084 0.6354444463 0.7684115021 0.8437786125
0.8850000000 0.6178938373 0.5130982953 0.7521353038 0.6378472972 0.7699792162 0.8438410296
0.8866666667 0.6181860144 0.5173287073 0.7542656853 0.6403315183 0.7715948287 0.8439049657
0.8883333333 0.6184777278 0.5216271071 0.7564215003 0.6428964438 0.7732575110 0.8439690275
0.8900000000 0.6187688019 0.5259960327 0.7586023282 0.6455417523 0.7749670676 0.8440340999
0.8916666667 0.6190591473 0.5304363729 0.7608078043 0.6482668823 0.7767235306 0.8440997494
0.8933333333 0.6193485874 0.5349478863 0.7630374000 0.6510728261 0.7785258441 0.8441656130
0.8950000000 0.6196370347 0.5395322367 0.7652905120 0.6539594657 0.7803732158 0.8442327257
0.8966666667 0.6199243095 0.5441895049 0.7675666880 0.6569287206 0.7822655409 0.8442991883
0.8983333333 0.6202103295 0.5489221628 0.7698651900 0.6599804048 0.7842026023 0.8443675151
0.9000000000 0.6204949086 0.5537304339 0.7721854767 0.6631140720 0.7861829142 0.8444345604
0.9016666667 0.6207779720 0.5586126811 0.7745267741 0.6663304917 0.7882055923 0.8445036964
0.9033333333 0.6210593265 0.5635706317 0.7768885292 0.6696298656 0.7902708353 0.8445714387
0.9050000000 0.6213389041 0.5686058289 0.7792698864 0.6730122444 0.7923782196 0.8446408929
0.9066666667 0.6216165059 0.5737196392 0.7816702086 0.6764767032 0.7945256152 0.8447095327
0.9083333333 0.6218920705 0.5789115427 0.7840885670 0.6800215516 0.7967121068 0.8447789516
0.9100000000 0.6221653929 0.5841815016 0.7865243019 0.6836498301 0.7989381014 0.8448487068
0.9116666667 0.6224364204 0.5895310384 0.7889762952 0.6873647120 0.8012027461 0.8449180492
0.9133333333 0.6227049412 0.5949599267 0.7914436950 0.6911633378 0.8035034850 0.8449888817
0.9150000000 0.6229709116 0.6004701714 0.7939254638 0.6950434248 0.8058395506 0.8450583031
0.9166666667 0.6232341147 0.6060598694 0.7964204597 0.6990055215 0.8082110719 0.8451296057
0.9183333333 0.6234945148 0.6117282653 0.7989273083 0.7030482646 0.8106166085 0.8451992953
0.9200000000 0.6237518916 0.6174788825 0.8014452438 0.7071742233 0.8130535954 0.8452700181
0.9216666667 0.6240062176 0.6233127022 0.8039725087 0.7113839923 0.8155213457 0.8453402705
0.9233333333 0.6242572685 0.6292289541 0.8065078489 0.7156755947 0.8180192545 0.8454093771
0.9250000000 0.6245050276 0.6352272940 0.8090500672 0.7200475846 0.8205454004 0.8454803787
0.9266666667 0.6247492668 0.6413072823 0.8115975851 0.7245025074 0.8230973722 0.8455475434
0.9283333333 0.6249899830 0.6474718015 0.8141484263 0.7290408673 0.8256742085 0.8456189048
0.9300000000 0.6252269423 0.6537190873 0.8167018448 0.7336607879 0.8282744242 0.8456855346
0.9316666667 0.6254601663 0.6600444314 0.8192554906 0.7383624304 0.8308958027 0.8457568671
0.9333333333 0.6256893987 0.6664514579 0.8218073838 0.7431442927 0.8335360336 0.8458250967
0.9350000000 0.6259147046 0.6729404905 0.8243562494 0.7480076463 0.8361936139 0.8458960863
0.9366666667 0.6261357870 0.6795116017 0.8268998010 0.7529503482 0.8388661762 0.8459655741
0.9383333333 0.6263527566 0.6861622698 0.8294352119 0.7579676633 0.8415513203 0.8460351664
0.9400000000 0.6265652852 0.6928912033 0.8319616117 0.7630598628 0.8442466512 0.8461056826
0.9416666667 0.6267735102 0.6997006877 0.8344757720 0.7682274168 0.8469499990 0.8461760523
0.9433333333 0.6269770918 0.7065902939 0.8369750015 0.7734687260 0.8496580011 0.8462526406
0.9450000000 0.6271761862 0.7135600803 0.8394577852 0.7787812225 0.8523681983 0.8463281390
0.9466666667 0.6273704346 0.7206092223 0.8419210458 0.7841641644 0.8550779386 0.8464107450
0.9483333333 0.6275600227 0.7277356615 0.8443613820 0.7896151475 0.8577841101 0.8464838767
0.9500000000 0.6277445685 0.7349376959 0.8467776217 0.7951332144 0.8604818773 0.8465588107
0.9516666667 0.6279242799 0.7422133751 0.8491655894 0.8007174796 0.8631686057 0.8466175925
0.9533333333 0.6280987710 0.7495592668 0.8515222513 0.8063636726 0.8658415714 0.8466782685
0.9550000000 0.6282682535 0.7569721435 0.8538456850 0.8120684336 0.8684960358 0.8467289612
0.9566666667 0.6284323374 0.7644503886 0.8561314769 0.8178274608 0.8711256296 0.8467843208
0.9583333333 0.6285912420 0.7719925802 0.8583763110 0.8236363856 0.8737279196 0.8468359160
0.9600000000 0.6287445633 0.7795927663 0.8605783130 0.8294909810 0.8762999523 0.8468877846
0.9616666667 0.6288925348 0.7872469416 0.8627323441 0.8353863637 0.8788351659 0.8469363083
0.9633333333 0.6290347566 0.7949477348 0.8648352752 0.8413160803 0.8813262102 0.8469808833
0.9650000000 0.6291714602 0.8026877037 0.8668849708 0.8472740879 0.8837707712 0.8470268971
0.9666666667 0.6293022641 0.8104605912 0.8688757101 0.8532524547 0.8861646089 0.8470685123
0.9683333333 0.6294273951 0.8182555641 0.8708047396 0.8592409475 0.8884987650 0.8471136762
0.9700000000 0.6295464759 0.8260628454 0.8726690252 0.8652304225 0.8907660052 0.8471535033
0.9716666667 0.6296597174 0.8338719599 0.8744631741 0.8712101810 0.8929634094 0.8471925561
0.9733333333 0.6297667379 0.8416684335 0.8761834945 0.8771654700 0.8950842786 0.8472267918
0.9750000000 0.6298677393 0.8494347287 0.8778278602 0.8830803632 0.8971192017 0.8472604627
0.9766666667 0.6299623911 0.8571504982 0.8793904343 0.8889363555 0.8990633317 0.8472903704
0.9783333333 0.6300510328 0.8647919946 0.8808695536 0.8947115330 0.9009109447 0.8473208912
0.9800000000 0.6301331698 0.8723274990 0.8822607294 0.9003807139 0.9026536625 0.8473479721
0.9816666667 0.6302094003 0.8797222945 0.8835600649 0.9059143050 0.9042850071 0.8473728612
0.9833333333 0.6302789103 0.8869338381 0.8847621162 0.9112771601 0.9058004007 0.8473959609
0.9850000000 0.6303423960 0.8939132014 0.8858619700 0.9164303229 0.9071917116 0.8474155431
0.9866666667 0.6303992050 0.9005939396 0.8868541374 0.9213250862 0.9084540515 0.8474346996
0.9883333333 0.6304497585 0.9069030648 0.8877353769 0.9259079914 0.9095841801 0.8474503239
0.9900000000 0.6304936226 0.9127472042 0.8885036530 0.9301145529 0.9105761582 0.8474655080
0.9916666667 0.6305309024 0.9180215532 0.8891571440 0.9338717066 0.9114265905 0.8474767648
0.9933333333 0.6305610175 0.9226019358 0.8896947996 0.9371003649 0.9121328092 0.8474873537
0.9950000000 0.6305845768 0.9263574001 0.8901144804 0.9397190405 0.9126873439 0.8474945062
0.9966666667 0.6306010921 0.9291606569 0.8904163711 0.9416569583 0.9130829300 0.8475003770
0.9983333333 0.6306109529 0.9308899288 0.8905998853 0.9428485956 0.9133219764 0.8475035519
1.0000000000 0.6306139614 0.9314773901 0.8906604934 0.9432546649 0.9134030128 0.8475048812
