0.0000000000 0.5587381507 0.9699669361 0.9664865951 0.9560880403 0.9084581599 0.9591932649
0.0050000000 0.5587149247 0.9610342947 0.9585648140 0.9476377759 0.9079872993 0.9546909992
0.0100000000 0.5586451950 0.9405944991 0.9400775097 0.9277392395 0.9065805006 0.9432623396
0.0150000000 0.5585265253 0.9163017379 0.9174938150 0.9031282037 0.9042665035 0.9277482009
0.0200000000 0.5583605706 0.8906772510 0.8933419130 0.8766951248 0.9011002976 0.9100869656
0.0250000000 0.5581491399 0.8649180067 0.8689020280 0.8499241072 0.8971443792 0.8915335662
0.0300000000 0.5578885478 0.8394318371 0.8446254952 0.8233268170 0.8924607984 0.8726570071
0.0350000000 0.5575843796 0.8144999261 0.8208244733 0.7972689585 0.8871179090 0.8538769778
0.0400000000 0.5572334786 0.7902318908 0.7976374600 0.7718873149 0.8811936551 0.8354015387
0.0450000000 0.5568383760 0.7667100759 0.7751690659 0.7472837903 0.8747666046 0.8174052830
0.0500000000 0.5564008524 0.7439781612 0.7534636650 0.7234978265 0.8679141597 0.7999709694
0.0550000000 0.5559196343 0.7220506732 0.7325556770 0.7005596139 0.8607113463 0.7831741897
0.0600000000 0.5553968672 0.7009394628 0.7124527542 0.6784887060 0.8532275027 0.7670660281
0.0650000000 0.5548347167 0.6806463542 0.6931598918 0.6572960989 0.8455289893 0.7516630609
0.0700000000 0.5542320011 0.6611545683 0.6746710937 0.6369642025 0.8376751801 0.7369982189
0.0750000000 0.5535922836 0.6424574243 0.6569787007 0.6174629535 0.8297217402 0.7230919764
0.0800000000 0.5529141660 0.6245337474 0.6400691275 0.5987775213 0.8217180149 0.7099453870
0.0850000000 0.5522012271 0.6073671750 0.6239282120 0.5809096536 0.8137094674 0.6975708195
0.0900000000 0.5514536178 0.5909374085 0.6085386665 0.5638355774 0.8057358851 0.6859672704
0.0950000000 0.5506728969 0.5752271975 0.5938832316 0.5475361665 0.7978336011 0.6751337127
0.1000000000 0.5498615022 0.5602072164 0.5799430782 0.5319827488 0.7900339729 0.6650534243
0.1050000000 0.5490184057 0.5458540709 0.5666995314 0.5171487438 0.7823657910 0.6557423981
0.1100000000 0.5481464849 0.5321486640 0.5541335588 0.5030198701 0.7748530545 0.6471928980
0.1150000000 0.5472490707 0.5190777016 0.5422262288 0.4895740532 0.7675181548 0.6393929290
0.1200000000 0.5463257899 0.5066106406 0.5309589839 0.4767918119 0.7603788170 0.6323339752
0.1250000000 0.5453812857 0.4947278897 0.5203133691 0.4646441711 0.7534519633 0.6260146215
0.1300000000 0.5444152546 0.4834080690 0.5102716369 0.4531227767 0.7467504959 0.6204188062
0.1350000000 0.5434297390 0.4726247160 0.5008162944 0.4422188628 0.7402869675 0.6155349915
0.1400000000 0.5424273705 0.4623644695 0.4919306988 0.4319077598 0.7340706439 0.6113702276
0.1450000000 0.5414081758 0.4526132825 0.4835988276 0.4221736625 0.7281106002 0.6079218471
0.1500000000 0.5403748812 0.4433453353 0.4758047251 0.4130002811 0.7224134163 0.6051778187
0.1550000000 0.5393293019 0.4345379330 0.4685333500 0.4043743034 0.7169856241 0.6031343322
0.1600000000 0.5382714815 0.4261746885 0.4617694455 0.3962771220 0.7118318816 0.6017954712
0.1650000000 0.5372054728 0.4182405782 0.4554987296 0.3886871839 0.7069570531 0.6011766477
0.1700000000 0.5361305234 0.4107170913 0.4497072840 0.3816070122 0.7023641396 0.6012688946
0.1750000000 0.5350493998 0.4035873298 0.4443820066 0.3750154865 0.6980567287 0.6020645236
0.1800000000 0.5339638133 0.3968426441 0.4395102898 0.3688996323 0.6940363851 0.6035640460
0.1850000000 0.5328737934 0.3904748701 0.4350801978 0.3632407554 0.6903056465 0.6057781336
0.1900000000 0.5317823284 0.3844600280 0.4310801699 0.3580369945 0.6868650116 0.6086964495
0.1950000000 0.5306898717 0.3787900896 0.4274992913 0.3532679129 0.6837161739 0.6123251947
0.2000000000 0.5295974121 0.3734360757 0.4243270213 0.3489311117 0.6808589181 0.6166701595
0.2050000000 0.5285078640 0.3683878398 0.4215534342 0.3450403585 0.6782942831 0.6217320270
0.2100000000 0.5274201667 0.3636378876 0.4191689767 0.3415684970 0.6760216518 0.6275128752
0.2150000000 0.5263375618 0.3591709035 0.4171646772 0.3385146163 0.6740416484 0.6340107063
0.2200000000 0.5252602151 0.3549754970 0.4155318650 0.3358677738 0.6723534598 0.6412291411
0.2250000000 0.5241889746 0.3510336056 0.4142624454 0.3336225040 0.6709575244 0.6491791488
0.2300000000 0.5231260907 0.3473402483 0.4133485272 0.3317932597 0.6698528832 0.6578763663
0.2350000000 0.5220712949 0.3438870899 0.4127828027 0.3303635332 0.6690399185 0.6673225129
0.2400000000 0.5210260933 0.3406625210 0.4125580677 0.3293349826 0.6685175209 0.6775187482
0.2450000000 0.5199921209 0.3376580045 0.4126677042 0.3287050219 0.6682860859 0.6884631945
0.2500000000 0.5189685344 0.3348566460 0.4131050980 0.3284697895 0.6683443462 0.7001707036
0.2550000000 0.5179584282 0.3322407692 0.4138642128 0.3286388069 0.6686927400 0.7126346158
0.2600000000 0.5169606681 0.3298097495 0.4149389161 0.3291951816 0.6693298180 0.7258505375
0.2650000000 0.5159769894 0.3275650107 0.4163236344 0.3301498516 0.6702560487 0.7398215054
0.2700000000 0.5150083449 0.3254965155 0.4180125984 0.3315165805 0.6714697652 0.7545322158
0.2750000000 0.5140544334 0.3235990442 0.4200005714 0.3332907353 0.6729714244 0.7699819391
0.2800000000 0.5131168525 0.3218494520 0.4222820125 0.3354686732 0.6747590904 0.7861370010
0.2850000000 0.5121959018 0.3202440812 0.4248518848 0.3380574577 0.6768331397 0.8029593627
0.2900000000 0.5112913096 0.3187782696 0.4277047155 0.3410661671 0.6791912905 0.8204008618
0.2950000000 0.5104054985 0.3174546226 0.4308355086 0.3444902145 0.6818337434 0.8383786811
0.3000000000 0.5095367290 0.3162586323 0.4342386724 0.3483370429 0.6847577598 0.8567742358
0.3050000000 0.5086877884 0.3151725012 0.4379090688 0.3526193349 0.6879632375 0.8754578238
0.3100000000 0.5078572320 0.3141968031 0.4418407737 0.3573439730 0.6914468273 0.8941407639
0.3150000000 0.5070466414 0.3133261169 0.4460282981 0.3625194598 0.6952079559 0.9124430054
0.3200000000 0.5062555195 0.3125586256 0.4504651392 0.3681464123 0.6992424610 0.9295752326
0.3250000000 0.5054844584 0.3118770475 0.4551452165 0.3742397920 0.7035490793 0.9444008337
0.3300000000 0.5047335983 0.3112726649 0.4600611626 0.3808090456 0.7081225791 0.9546365256
0.3350000000 0.5040031075 0.3107447343 0.4652060280 0.3878737198 0.7129607269 0.9574325944
0.3400000000 0.5032933789 0.3102846129 0.4705712492 0.3954503312 0.7180569067 0.9522309364
0.3450000000 0.5026044044 0.3098920328 0.4761486875 0.4035457718 0.7234075636 0.9404353751
0.3500000000 0.5019366099 0.3095643479 0.4819282030 0.4121788473 0.7290043137 0.9247929726
0.3550000000 0.5012899393 0.3092940755 0.4879000984 0.4213567849 0.7348418486 0.9072917078
0.3600000000 0.5006647472 0.3090760546 0.4940522253 0.4310931052 0.7409095529 0.8888924937
0.3650000000 0.5000609744 0.3089105794 0.5003729071 0.4414199519 0.7471998404 0.8702547331
0.3700000000 0.4994789271 0.3087944069 0.5068475057 0.4523430826 0.7536993067 0.8517022191
0.3750000000 0.4989184780 0.3087166814 0.5134618955 0.4638702906 0.7603974612 0.8334955054
0.3800000000 0.4983799868 0.3086750914 0.5201984290 0.4760188208 0.7672774491 0.8157538666
0.3850000000 0.4978631844 0.3086720525 0.5270400236 0.4888109823 0.7743251390 0.7985971411
0.3900000000 0.4973685143 0.3086965345 0.5339654850 0.5022646585 0.7815194586 0.7820810187
0.3950000000 0.4968956062 0.3087476869 0.5409542539 0.5163971458 0.7888417929 0.7662529635
0.4000000000 0.4964449115 0.3088188445 0.5479810746 0.5312415324 0.7962659996 0.7511469293
0.4050000000 0.4960160567 0.3089083889 0.5550214276 0.5468193360 0.8037680546 0.7367813373
0.4100000000 0.4956094401 0.3090182079 0.5620455724 0.5631477197 0.8113158663 0.7231703682
0.4150000000 0.4952247015 0.3091367602 0.5690246595 0.5802454085 0.8188790643 0.7103113136
0.4200000000 0.4948622295 0.3092614138 0.5759242387 0.5981368691 0.8264188286 0.6982087009
0.4250000000 0.4945216033 0.3093946331 0.5827109950 0.6168410678 0.8338976424 0.6868711696
0.4300000000 0.4942032887 0.3095269813 0.5893458932 0.6363740093 0.8412695153 0.6762892516
0.4350000000 0.4939067561 0.3096566087 0.5957914178 0.6567630439 0.8484893866 0.6664618047
0.4400000000 0.4936325508 0.3097865269 0.6020046150 0.6780040112 0.8555043836 0.6573897386
0.4450000000 0.4933800871 0.3099106907 0.6079446353 0.7000978474 0.8622623251 0.6490712322
0.4500000000 0.4931499157 0.3100305701 0.6135660180 0.7230596206 0.8687050098 0.6415001483
0.4550000000 0.4929414695 0.3101454211 0.6188262441 0.7468942005 0.8747749179 0.6346760454
0.4600000000 0.4927552760 0.3102473975 0.6236796555 0.7715632839 0.8804118851 0.6285880751
0.4650000000 0.4925907769 0.3103357738 0.6280846405 0.7970038444 0.8855566554 0.6232155611
0.4700000000 0.4924485201 0.3104176893 0.6319985395 0.8231122828 0.8901524404 0.6185663907
0.4750000000 0.4923279003 0.3104931219 0.6353840558 0.8497549149 0.8941436621 0.6146457961
0.4800000000 0.4922295265 0.3105560310 0.6382053267 0.8765702702 0.8974834867 0.6114510080
0.4850000000 0.4921527314 0.3106133498 0.6404332196 0.9030278571 0.9001263566 0.6089656414
0.4900000000 0.4920981813 0.3106559355 0.6420424636 0.9276600859 0.9020415098 0.6071897067
0.4950000000 0.4920651742 0.3106804401 0.6430156758 0.9475607677 0.9031991243 0.6061306389
0.5000000000 0.4920544081 0.3106900803 0.6433411348 0.9560081839 0.9035884179 0.6057800680
0.5050000000 0.4920651742 0.3106804515 0.6430156758 0.9475607677 0.9031991243 0.6061306390
0.5100000000 0.4920981813 0.3106559624 0.6420424636 0.9276600859 0.9020415098 0.6071897068
0.5150000000 0.4921527314 0.3106133814 0.6404332196 0.9030278571 0.9001263567 0.6089656415
0.5200000000 0.4922295265 0.3105560718 0.6382053267 0.8765702702 0.8974834867 0.6114510081
0.5250000000 0.4923279003 0.3104931560 0.6353840558 0.8497549149 0.8941436621 0.6146457962
0.5300000000 0.4924485201 0.3104177163 0.6319985395 0.8231122828 0.8901524404 0.6185663908
0.5350000000 0.4925907769 0.3103358012 0.6280846405 0.7970038444 0.8855566554 0.6232155612
0.5400000000 0.4927552760 0.3102474230 0.6236796555 0.7715632839 0.8804118851 0.6285880753
0.5450000000 0.4929414695 0.3101454463 0.6188262441 0.7468942005 0.8747749179 0.6346760456
0.5500000000 0.4931499157 0.3100305918 0.6135660180 0.7230596206 0.8687050098 0.6415001485
0.5550000000 0.4933800871 0.3099107025 0.6079446353 0.7000978474 0.8622623251 0.6490712324
0.5600000000 0.4936325508 0.3097865325 0.6020046150 0.6780040112 0.8555043836 0.6573897389
0.5650000000 0.4939067561 0.3096566025 0.5957914178 0.6567630439 0.8484893866 0.6664618050
0.5700000000 0.4942032887 0.3095269717 0.5893458932 0.6363740093 0.8412695153 0.6762892518
0.5750000000 0.4945216033 0.3093946160 0.5827109950 0.6168410678 0.8338976424 0.6868711699
0.5800000000 0.4948622295 0.3092613908 0.5759242387 0.5981368691 0.8264188286 0.6982087012
0.5850000000 0.4952247015 0.3091367347 0.5690246595 0.5802454085 0.8188790643 0.7103113140
0.5900000000 0.4956094401 0.3090181825 0.5620455724 0.5631477197 0.8113158663 0.7231703685
0.5950000000 0.4960160567 0.3089083625 0.5550214276 0.5468193360 0.8037680546 0.7367813377
0.6000000000 0.4964449115 0.3088188234 0.5479810746 0.5312415324 0.7962659996 0.7511469297
0.6050000000 0.4968956062 0.3087476684 0.5409542539 0.5163971458 0.7888417929 0.7662529640
0.6100000000 0.4973685143 0.3086965281 0.5339654850 0.5022646585 0.7815194586 0.7820810191
0.6150000000 0.4978631844 0.3086720479 0.5270400236 0.4888109823 0.7743251390 0.7985971415
0.6200000000 0.4983799868 0.3086750987 0.5201984290 0.4760188207 0.7672774491 0.8157538670
0.6250000000 0.4989184780 0.3087166970 0.5134618955 0.4638702906 0.7603974612 0.8334955060
0.6300000000 0.4994789271 0.3087944341 0.5068475057 0.4523430826 0.7536993067 0.8517022197
0.6350000000 0.5000609744 0.3089106117 0.5003729071 0.4414199519 0.7471998404 0.8702547337
0.6400000000 0.5006647472 0.3090760954 0.4940522253 0.4310931052 0.7409095529 0.8888924943
0.6450000000 0.5012899393 0.3092941095 0.4879000984 0.4213567849 0.7348418486 0.9072917083
0.6500000000 0.5019366099 0.3095643743 0.4819282030 0.4121788473 0.7290043137 0.9247929731
0.6550000000 0.5026044044 0.3098920519 0.4761486875 0.4035457718 0.7234075636 0.9404353755
0.6600000000 0.5032933789 0.3102846292 0.4705712492 0.3954503312 0.7180569068 0.9522309367
0.6650000000 0.5040031075 0.3107447522 0.4652060280 0.3878737198 0.7129607269 0.9574325945
0.6700000000 0.5047335983 0.3112726816 0.4600611626 0.3808090456 0.7081225791 0.9546365255
0.6750000000 0.5054844584 0.3118770605 0.4551452165 0.3742397920 0.7035490793 0.9444008334
0.6800000000 0.5062555195 0.3125586411 0.4504651392 0.3681464123 0.6992424610 0.9295752322
0.6850000000 0.5070466414 0.3133261223 0.4460282981 0.3625194598 0.6952079559 0.9124430050
0.6900000000 0.5078572320 0.3141968105 0.4418407737 0.3573439730 0.6914468273 0.8941407634
0.6950000000 0.5086877884 0.3151724961 0.4379090688 0.3526193349 0.6879632375 0.8754578233
0.7000000000 0.5095367290 0.3162586192 0.4342386724 0.3483370429 0.6847577598 0.8567742353
0.7050000000 0.5104054985 0.3174545972 0.4308355086 0.3444902145 0.6818337434 0.8383786806
0.7100000000 0.5112913096 0.3187782367 0.4277047155 0.3410661671 0.6791912905 0.8204008613
0.7150000000 0.5121959018 0.3202440493 0.4248518848 0.3380574577 0.6768331397 0.8029593622
0.7200000000 0.5131168525 0.3218494226 0.4222820125 0.3354686732 0.6747590904 0.7861370005
0.7250000000 0.5140544334 0.3235990156 0.4200005714 0.3332907353 0.6729714244 0.7699819386
0.7300000000 0.5150083449 0.3254964916 0.4180125984 0.3315165805 0.6714697652 0.7545322154
0.7350000000 0.5159769894 0.3275649843 0.4163236344 0.3301498516 0.6702560487 0.7398215050
0.7400000000 0.5169606681 0.3298097312 0.4149389161 0.3291951816 0.6693298180 0.7258505370
0.7450000000 0.5179584282 0.3322407592 0.4138642128 0.3286388069 0.6686927399 0.7126346154
0.7500000000 0.5189685344 0.3348566471 0.4131050980 0.3284697895 0.6683443462 0.7001707033
0.7550000000 0.5199921209 0.3376580133 0.4126677042 0.3287050219 0.6682860859 0.6884631942
0.7600000000 0.5210260933 0.3406625263 0.4125580677 0.3293349826 0.6685175209 0.6775187479
0.7650000000 0.5220712949 0.3438870976 0.4127828027 0.3303635332 0.6690399185 0.6673225125
0.7700000000 0.5231260907 0.3473402496 0.4133485272 0.3317932597 0.6698528832 0.6578763660
0.7750000000 0.5241889746 0.3510336003 0.4142624454 0.3336225040 0.6709575244 0.6491791485
0.7800000000 0.5252602151 0.3549754916 0.4155318650 0.3358677738 0.6723534598 0.6412291408
0.7850000000 0.5263375618 0.3591708868 0.4171646772 0.3385146163 0.6740416484 0.6340107060
0.7900000000 0.5274201667 0.3636378707 0.4191689767 0.3415684970 0.6760216517 0.6275128750
0.7950000000 0.5285078640 0.3683878224 0.4215534342 0.3450403585 0.6782942830 0.6217320267
0.8000000000 0.5295974121 0.3734360616 0.4243270213 0.3489311117 0.6808589181 0.6166701593
0.8050000000 0.5306898717 0.3787900837 0.4274992913 0.3532679129 0.6837161739 0.6123251945
0.8100000000 0.5317823284 0.3844600286 0.4310801699 0.3580369945 0.6868650116 0.6086964493
0.8150000000 0.5328737934 0.3904748746 0.4350801978 0.3632407554 0.6903056465 0.6057781334
0.8200000000 0.5339638133 0.3968426528 0.4395102898 0.3688996323 0.6940363851 0.6035640458
0.8250000000 0.5350493998 0.4035873379 0.4443820066 0.3750154865 0.6980567287 0.6020645234
0.8300000000 0.5361305234 0.4107171047 0.4497072840 0.3816070122 0.7023641395 0.6012688944
0.8350000000 0.5372054728 0.4182406018 0.4554987296 0.3886871839 0.7069570531 0.6011766475
0.8400000000 0.5382714815 0.4261747204 0.4617694455 0.3962771220 0.7118318815 0.6017954711
0.8450000000 0.5393293019 0.4345379719 0.4685333500 0.4043743034 0.7169856241 0.6031343320
0.8500000000 0.5403748812 0.4433453760 0.4758047251 0.4130002811 0.7224134163 0.6051778185
0.8550000000 0.5414081758 0.4526133187 0.4835988276 0.4221736625 0.7281106002 0.6079218470
0.8600000000 0.5424273705 0.4623644986 0.4919306988 0.4319077598 0.7340706439 0.6113702275
0.8650000000 0.5434297390 0.4726247365 0.5008162944 0.4422188628 0.7402869675 0.6155349913
0.8700000000 0.5444152546 0.4834080811 0.5102716369 0.4531227767 0.7467504959 0.6204188061
0.8750000000 0.5453812857 0.4947278864 0.5203133691 0.4646441711 0.7534519633 0.6260146214
0.8800000000 0.5463257899 0.5066106212 0.5309589839 0.4767918119 0.7603788170 0.6323339751
0.8850000000 0.5472490707 0.5190776670 0.5422262288 0.4895740532 0.7675181547 0.6393929289
0.8900000000 0.5481464849 0.5321486169 0.5541335588 0.5030198701 0.7748530545 0.6471928979
0.8950000000 0.5490184057 0.5458540182 0.5666995314 0.5171487438 0.7823657909 0.6557423980
0.9000000000 0.5498615022 0.5602071582 0.5799430782 0.5319827488 0.7900339729 0.6650534243
0.9050000000 0.5506728969 0.5752271396 0.5938832316 0.5475361665 0.7978336011 0.6751337126
0.9100000000 0.5514536178 0.5909373550 0.6085386665 0.5638355774 0.8057358851 0.6859672703
0.9150000000 0.5522012271 0.6073671333 0.6239282120 0.5809096536 0.8137094674 0.6975708195
0.9200000000 0.5529141660 0.6245337296 0.6400691275 0.5987775213 0.8217180149 0.7099453869
0.9250000000 0.5535922836 0.6424574338 0.6569787007 0.6174629535 0.8297217402 0.7230919764
0.9300000000 0.5542320011 0.6611545975 0.6746710937 0.6369642025 0.8376751801 0.7369982189
0.9350000000 0.5548347167 0.6806464000 0.6931598918 0.6572960989 0.8455289893 0.7516630609
0.9400000000 0.5553968672 0.7009395200 0.7124527542 0.6784887060 0.8532275027 0.7670660280
0.9450000000 0.5559196343 0.7220507411 0.7325556770 0.7005596139 0.8607113463 0.7831741897
0.9500000000 0.5564008524 0.7439782431 0.7534636650 0.7234978265 0.8679141597 0.7999709694
0.9550000000 0.5568383760 0.7667101638 0.7751690659 0.7472837903 0.8747666046 0.8174052830
0.9600000000 0.5572334786 0.7902319848 0.7976374600 0.7718873149 0.8811936551 0.8354015387
0.9650000000 0.5575843796 0.8145000209 0.8208244733 0.7972689585 0.8871179090 0.8538769778
0.9700000000 0.5578885478 0.8394319271 0.8446254952 0.8233268170 0.8924607984 0.8726570071
0.9750000000 0.5581491399 0.8649180937 0.8689020280 0.8499241072 0.8971443792 0.8915335662
0.9800000000 0.5583605706 0.8906773277 0.8933419130 0.8766951248 0.9011002976 0.9100869656
0.9850000000 0.5585265253 0.9163017932 0.9174938150 0.9031282037 0.9042665035 0.9277482010
0.9900000000 0.5586451950 0.9405945382 0.9400775097 0.9277392395 0.9065805006 0.9432623397
0.9950000000 0.5587149247 0.9610343278 0.9585648140 0.9476377759 0.9079872994 0.9546909993
1.0000000000 0.5587381507 0.9699669724 0.9664865951 0.9560880403 0.9084581599 0.9591932650
