0.0000000000 0.4613534159 -0.0592290386 0.3875264895 0.4301177133
0.0050000000 0.4614443441 -0.0591805000 0.3876608933 0.4302046898
0.0100000000 0.4616296915 -0.0590349385 0.3879797896 0.4304680424
0.0150000000 0.4619095280 -0.0587923758 0.3884832248 0.4308990353
0.0200000000 0.4623675381 -0.0584529429 0.3892517190 0.4314973818
0.0250000000 0.4629292486 -0.0580167357 0.3902134105 0.4322792401
0.0300000000 0.4635884905 -0.0574839687 0.3913621471 0.4332483510
0.0350000000 0.4644270421 -0.0568548002 0.3927765861 0.4343931515
0.0400000000 0.4653750903 -0.0561294937 0.3943891949 0.4357271124
0.0450000000 0.4664506810 -0.0553082705 0.3962171507 0.4372609957
0.0500000000 0.4676569194 -0.0543914491 0.3982631394 0.4390040007
0.0550000000 0.4690450118 -0.0533792722 0.4005762743 0.4409610491
0.0600000000 0.4705677648 -0.0522720610 0.4031107658 0.4431342517
0.0650000000 0.4722283625 -0.0510700948 0.4058694131 0.4455279212
0.0700000000 0.4740293664 -0.0497737364 0.4088543352 0.4481307988
0.0750000000 0.4760187848 -0.0483832513 0.4121115417 0.4509509026
0.0800000000 0.4781832450 -0.0468989274 0.4156278680 0.4540077493
0.0850000000 0.4805206524 -0.0453209934 0.4194010749 0.4573160214
0.0900000000 0.4830373896 -0.0436497267 0.4234370462 0.4608693121
0.0950000000 0.4857401796 -0.0418853142 0.4277420807 0.4646663197
0.1000000000 0.4886300684 -0.0400279859 0.4323169646 0.4687201405
0.1050000000 0.4917314333 -0.0380778614 0.4371850752 0.4730295492
0.1100000000 0.4950448231 -0.0360350624 0.4423468241 0.4775993001
0.1150000000 0.4985787614 -0.0338996170 0.4478103983 0.4824621109
0.1200000000 0.5023421303 -0.0316715687 0.4535843155 0.4876278063
0.1250000000 0.5063373227 -0.0293508628 0.4596709346 0.4931045255
0.1300000000 0.5105835227 -0.0269374588 0.4660887822 0.4988935485
0.1350000000 0.5150835351 -0.0244311932 0.4728407188 0.5050040929
0.1400000000 0.5198471534 -0.0218319554 0.4799362891 0.5114580239
0.1450000000 0.5249118728 -0.0191394622 0.4874118999 0.5182522707
0.1500000000 0.5302677660 -0.0163534694 0.4952582198 0.5253987059
0.1550000000 0.5359104765 -0.0134736790 0.5034713376 0.5329026041
0.1600000000 0.5418500292 -0.0104999409 0.5120610588 0.5407740175
0.1650000000 0.5481483936 -0.0074318944 0.5210874510 0.5490284340
0.1700000000 0.5547659260 -0.0042693470 0.5305124951 0.5576970118
0.1750000000 0.5617280702 -0.0010120773 0.5403609246 0.5668034204
0.1800000000 0.5690646102 0.0023399301 0.5506614572 0.5763389705
0.1850000000 0.5767523376 0.0057867475 0.5613917966 0.5863280565
0.1900000000 0.5848422373 0.0093280284 0.5726007430 0.5967735437
0.1950000000 0.5933291647 0.0129634984 0.5842830741 0.6076751790
0.2000000000 0.6022082067 0.0166922423 0.5964331731 0.6190675868
0.2050000000 0.6115288013 0.0205133268 0.6090977840 0.6309573523
0.2100000000 0.6212870581 0.0244248509 0.6222713256 0.6433352372
0.2150000000 0.6314820254 0.0284248503 0.6359509877 0.6562095964
0.2200000000 0.6421372802 0.0325099248 0.6501562148 0.6695875855
0.2250000000 0.6532571389 0.0366764269 0.6648876512 0.6834912078
0.2300000000 0.6648526137 0.0409185607 0.6801503243 0.6979320480
0.2350000000 0.6769384173 0.0452300191 0.6959523341 0.7129165573
0.2400000000 0.6895251230 0.0496009208 0.7122943478 0.7284300518
0.2450000000 0.7025968795 0.0540207825 0.7291509866 0.7444553561
0.2500000000 0.7161791656 0.0584735615 0.7465313441 0.7609931443
0.2550000000 0.7302613822 0.0629413892 0.7644079861 0.7780171658
0.2600000000 0.7448373440 0.0673976512 0.7827493037 0.7955086925
0.2650000000 0.7598964602 0.0718130868 0.8015168919 0.8134096347
0.2700000000 0.7754334645 0.0761416775 0.8206613276 0.8316381193
0.2750000000 0.7914116891 0.0803319176 0.8400976383 0.8500916971
0.2800000000 0.8077997467 0.0843027928 0.8597175027 0.8686406392
0.2850000000 0.8245444807 0.0879615770 0.8793803339 0.8871161561
0.2900000000 0.8415763311 0.0911522526 0.8988687434 0.9051863276
0.2950000000 0.8587913856 0.0936920714 0.9179064768 0.9224437129
0.3000000000 0.8760467821 0.0952492174 0.9360360877 0.9380904408
0.3050000000 0.8931352470 0.0954154643 0.9526644204 0.9510550999
0.3100000000 0.9097541177 0.0933868490 0.9667250216 0.9594963905
0.3150000000 0.9254435847 0.0881040049 0.9767538640 0.9613969727
0.3200000000 0.9394895912 0.0774264144 0.9800000000 0.9566997405
0.3250000000 0.9507801253 0.0584455606 0.9725888537 0.9465622362
0.3300000000 0.9577379103 0.0294073175 0.9513099587 0.9329707671
0.3350000000 0.9587990107 -0.0077638363 0.9165107696 0.9174548640
0.3400000000 0.9536675341 -0.0428098013 0.8777918464 0.9008107396
0.3450000000 0.9436283583 -0.0675273931 0.8442968162 0.8836388028
0.3500000000 0.9303540339 -0.0833047032 0.8162998118 0.8662604121
0.3550000000 0.9151148628 -0.0927614856 0.7925003689 0.8489237098
0.3600000000 0.8987464974 -0.0980065598 0.7716715388 0.8317721632
0.3650000000 0.8817740031 -0.1005975203 0.7528182750 0.8149309672
0.3700000000 0.8645475304 -0.1013240753 0.7355169768 0.7984594986
0.3750000000 0.8473002570 -0.1008038821 0.7193971216 0.7824250064
0.3800000000 0.8301949367 -0.0993699293 0.7042946549 0.7668564220
0.3850000000 0.8133443215 -0.0972975893 0.6900528595 0.7517710042
0.3900000000 0.7968320421 -0.0947482222 0.6765968279 0.7371893020
0.3950000000 0.7807106807 -0.0918607521 0.6638433522 0.7231312827
0.4000000000 0.7650274810 -0.0887221296 0.6517541673 0.7095932495
0.4050000000 0.7498066854 -0.0854097923 0.6402780088 0.6965785864
0.4100000000 0.7350628050 -0.0819737071 0.6293807083 0.6840786408
0.4150000000 0.7208214935 -0.0784594337 0.6190430823 0.6720890281
0.4200000000 0.7070715560 -0.0748978087 0.6092246252 0.6605972412
0.4250000000 0.6938323596 -0.0713166498 0.5999171930 0.6496148363
0.4300000000 0.6810842596 -0.0677352754 0.5910832371 0.6391121717
0.4350000000 0.6688331725 -0.0641710666 0.5827117092 0.6290759050
0.4400000000 0.6570724160 -0.0606363386 0.5747843014 0.6195046623
0.4450000000 0.6457920685 -0.0571423650 0.5672805878 0.6103825818
0.4500000000 0.6349873975 -0.0536969249 0.5601885111 0.6017019475
0.4550000000 0.6246291749 -0.0503071074 0.5534730725 0.5934438596
0.4600000000 0.6147303350 -0.0469777052 0.5471421181 0.5855958590
0.4650000000 0.6052841245 -0.0437134304 0.5411845985 0.5781485122
0.4700000000 0.5962359542 -0.0405170816 0.5355452094 0.5710936829
0.4750000000 0.5876320714 -0.0373913497 0.5302659258 0.5644101293
0.4800000000 0.5794087386 -0.0343378969 0.5252837225 0.5580803192
0.4850000000 0.5715829196 -0.0313581701 0.5206135527 0.5520994883
0.4900000000 0.5641428686 -0.0284529472 0.5162433475 0.5464483384
0.4950000000 0.5570440535 -0.0256229092 0.5121295353 0.5411200417
0.5000000000 0.5503057347 -0.0228681620 0.5082905751 0.5361102453
0.5050000000 0.5439274873 -0.0201888956 0.5047258742 0.5314010487
0.5100000000 0.5378691479 -0.0175848626 0.5013969658 0.5269784651
0.5150000000 0.5321196889 -0.0150558371 0.4982934401 0.5228402410
0.5200000000 0.5266800292 -0.0126013082 0.4954166753 0.5189744567
0.5250000000 0.5215272985 -0.0102208264 0.4927450644 0.5153631954
0.5300000000 0.5166570583 -0.0079137231 0.4902749743 0.5119983632
0.5350000000 0.5120586592 -0.0056793985 0.4879967202 0.5088760577
0.5400000000 0.5077217630 -0.0035170906 0.4859010737 0.5059718291
0.5450000000 0.5036514715 -0.0014261045 0.4839936209 0.5032760315
0.5500000000 0.4998145558 0.0005943730 0.4822431228 0.5007883027
0.5550000000 0.4962061642 0.0025450764 0.4806456119 0.4985026233
0.5600000000 0.4928177679 0.0044268405 0.4791936734 0.4963940340
0.5650000000 0.4896411549 0.0062404296 0.4778801298 0.4944634811
0.5700000000 0.4866721151 0.0079866907 0.4767017403 0.4927076843
0.5750000000 0.4839084355 0.0096664077 0.4756571277 0.4911038770
0.5800000000 0.4813542628 0.0112804399 0.4747511161 0.4896531820
0.5850000000 0.4789603754 0.0128295712 0.4739370263 0.4883564010
0.5900000000 0.4767230733 0.0143146332 0.4732120939 0.4871944613
0.5950000000 0.4746913216 0.0157364263 0.4726242780 0.4861595166
0.6000000000 0.4728276652 0.0170958195 0.4721383205 0.4852578431
0.6050000000 0.4711084831 0.0183936114 0.4717322276 0.4844851485
0.6100000000 0.4695216607 0.0196306595 0.4713951508 0.4838236469
0.6150000000 0.4681349030 0.0208077922 0.4711931356 0.4832636005
0.6200000000 0.4668517952 0.0219258951 0.4710341207 0.4828089536
0.6250000000 0.4657087013 0.0229858034 0.4709539548 0.4824471744
0.6300000000 0.4647378691 0.0239884328 0.4709845977 0.4821792066
0.6350000000 0.4638633433 0.0249346595 0.4710536959 0.4820109202
0.6400000000 0.4631297988 0.0258254209 0.4712052054 0.4819393769
0.6450000000 0.4625507862 0.0266616321 0.4714530672 0.4819636124
0.6500000000 0.4620517159 0.0274442701 0.4717263409 0.4820823970
0.6550000000 0.4617188075 0.0281742859 0.4721090325 0.4822864509
0.6600000000 0.4614985324 0.0288526993 0.4725505395 0.4825754536
0.6650000000 0.4613631934 0.0294805059 0.4730251296 0.4829467621
0.6700000000 0.4614182066 0.0300587629 0.4736354108 0.4834067292
0.6750000000 0.4615517993 0.0305885125 0.4742746725 0.4839541496
0.6800000000 0.4618097888 0.0310708534 0.4749881275 0.4845817599
0.6850000000 0.4622157730 0.0315068654 0.4757995577 0.4852922870
0.6900000000 0.4627173124 0.0318976842 0.4766595216 0.4861023296
0.6950000000 0.4633582084 0.0322444272 0.4776113074 0.4870072097
0.7000000000 0.4641483806 0.0325482540 0.4786655920 0.4880051636
0.7050000000 0.4650374865 0.0328103112 0.4797749658 0.4891030284
0.7100000000 0.4660742405 0.0330317834 0.4809875159 0.4903104634
0.7150000000 0.4672705064 0.0332138268 0.4823157900 0.4916359917
0.7200000000 0.4685677260 0.0333576384 0.4837045089 0.4930877970
0.7250000000 0.4700178517 0.0334643978 0.4852048762 0.4946677141
0.7300000000 0.4716429164 0.0335352787 0.4868392556 0.4963676930
0.7350000000 0.4734256257 0.0335714323 0.4885920903 0.4982028422
0.7400000000 0.4753622510 0.0335740245 0.4904609105 0.5001799348
0.7450000000 0.4774576400 0.0335441984 0.4924514895 0.5023001424
0.7500000000 0.4797143998 0.0334830952 0.4945674395 0.5045714205
0.7550000000 0.4821609717 0.0333918164 0.4968372310 0.5069972899
0.7600000000 0.4847927542 0.0332714302 0.4992574588 0.5095893913
0.7650000000 0.4876188922 0.0331229818 0.5018379431 0.5123562847
0.7700000000 0.4906564070 0.0329474614 0.5045960416 0.5153103762
0.7750000000 0.4939029032 0.0327458220 0.5075303642 0.5184584786
0.7800000000 0.4973546130 0.0325189936 0.5106381762 0.5218011006
0.7850000000 0.5010331029 0.0322678696 0.5139411222 0.5253415513
0.7900000000 0.5049600016 0.0319932315 0.5174607987 0.5290958774
0.7950000000 0.5091316666 0.0316958195 0.5211944088 0.5330789734
0.8000000000 0.5135548946 0.0313763175 0.5251491617 0.5373009986
0.8050000000 0.5182470911 0.0310353513 0.5293424340 0.5417757686
0.8100000000 0.5232072132 0.0306734570 0.5337737373 0.5465091207
0.8150000000 0.5284452288 0.0302911440 0.5384531685 0.5514996655
0.8200000000 0.5339778072 0.0298887956 0.5433971613 0.5567705472
0.8250000000 0.5398483677 0.0294666520 0.5486477902 0.5623356978
0.8300000000 0.5460185097 0.0290248706 0.5541682003 0.5682029716
0.8350000000 0.5525114736 0.0285636492 0.5599809789 0.5743840811
0.8400000000 0.5593738777 0.0280828740 0.5661309424 0.5808950637
0.8450000000 0.5665622165 0.0275824564 0.5725760792 0.5877503039
0.8500000000 0.5741548323 0.0270620660 0.5793915693 0.5949660178
0.8550000000 0.5820912952 0.0265213437 0.5865188303 0.6025533550
0.8600000000 0.5904545211 0.0259597066 0.5940372064 0.6105175885
0.8650000000 0.5992098521 0.0253763889 0.6019125600 0.6188626659
0.8700000000 0.6083678299 0.0247706112 0.6101542988 0.6276118283
0.8750000000 0.6179780226 0.0241413423 0.6188091977 0.6367803403
0.8800000000 0.6280304994 0.0234871569 0.6278663131 0.6463772132
0.8850000000 0.6385308069 0.0228066398 0.6373296262 0.6564155704
0.8900000000 0.6494944186 0.0220980209 0.6472123431 0.6668967492
0.8950000000 0.6609317762 0.0213593752 0.6575226711 0.6778374600
0.9000000000 0.6728584805 0.0205882516 0.6682732828 0.6892335997
0.9050000000 0.6852778664 0.0197819851 0.6794648237 0.7010881218
0.9100000000 0.6981823748 0.0189374855 0.6910870310 0.7133927625
0.9150000000 0.7116001731 0.0180513163 0.7031637379 0.7261394652
0.9200000000 0.7255139044 0.0171191732 0.7156740694 0.7393373096
0.9250000000 0.7399248078 0.0161365594 0.7286148863 0.7529913686
0.9300000000 0.7548261422 0.0150978125 0.7419742352 0.7670780600
0.9350000000 0.7702031652 0.0139968136 0.7557320123 0.7815849846
0.9400000000 0.7860368511 0.0128258074 0.7698624085 0.7964689797
0.9450000000 0.8022938475 0.0115762649 0.7843250630 0.8116927092
0.9500000000 0.8189266902 0.0102373825 0.7990638231 0.8271982459
0.9550000000 0.8358727026 0.0087971545 0.8140067177 0.8429142255
0.9600000000 0.8530401782 0.0072401938 0.8290505410 0.8587261125
0.9650000000 0.8703017105 0.0055490474 0.8440556919 0.8744950706
0.9700000000 0.8874740115 0.0037030839 0.8588256540 0.8900346053
0.9750000000 0.9042920266 0.0016797809 0.8730832895 0.9050963594
0.9800000000 0.9203539524 -0.0005311292 0.8864314867 0.9192351498
0.9850000000 0.9350489341 -0.0029272322 0.8982838925 0.9319063261
0.9900000000 0.9474132990 -0.0053385496 0.9078756253 0.9422303615
0.9950000000 0.9560107273 -0.0073963884 0.9141778151 0.9491429857
1.0000000000 0.9591599277 -0.0082911755 0.9163503888 0.9516617252
