0.0000000000 0.5589335366 0.0887167838 0.6476503203 0.9343346711
0.0050000000 0.5589335366 0.0886182810 0.6475518176 0.9290724622
0.0100000000 0.5589335366 0.0883231060 0.6472566426 0.9155104103
0.0150000000 0.5589335366 0.0878317486 0.6467652852 0.8967720902
0.0200000000 0.5589335366 0.0871454643 0.6460790009 0.8752277718
0.0250000000 0.5589335366 0.0862656132 0.6451991498 0.8524670398
0.0300000000 0.5589335366 0.0851943109 0.6441278475 0.8292068466
0.0350000000 0.5589335366 0.0839337754 0.6428673120 0.8059634542
0.0400000000 0.5589335366 0.0824869637 0.6414205002 0.7829867465
0.0450000000 0.5589335366 0.0808569321 0.6397904687 0.7604712337
0.0500000000 0.5589335366 0.0790474527 0.6379809893 0.7385119827
0.0550000000 0.5589335366 0.0770623932 0.6359959298 0.7171957833
0.0600000000 0.5589335366 0.0749063070 0.6338398436 0.6965579004
0.0650000000 0.5589335366 0.0725838388 0.6315173754 0.6766226626
0.0700000000 0.5589335366 0.0701002832 0.6290338197 0.6573908013
0.0750000000 0.5589335366 0.0674610205 0.6263945571 0.6388595940
0.0800000000 0.5589335366 0.0646720395 0.6236055760 0.6210337930
0.0850000000 0.5589335366 0.0617394085 0.6206729451 0.6039003663
0.0900000000 0.5589335366 0.0586697571 0.6176032937 0.5874565331
0.0950000000 0.5589335366 0.0554697879 0.6144033245 0.5716874599
0.1000000000 0.5589335366 0.0521467125 0.6110802491 0.5565754056
0.1050000000 0.5589335366 0.0487078083 0.6076413448 0.5420973167
0.1100000000 0.5589335366 0.0451608047 0.6040943412 0.5282442966
0.1150000000 0.5589335366 0.0415134891 0.6004470257 0.5149971754
0.1200000000 0.5589335366 0.0377740408 0.5967075773 0.5023322814
0.1250000000 0.5589335366 0.0339506878 0.5928842244 0.4902326663
0.1300000000 0.5589335366 0.0300519863 0.5889855229 0.4786799289
0.1350000000 0.5589335366 0.0260865323 0.5850200689 0.4676483692
0.1400000000 0.5589335366 0.0220631828 0.5809967194 0.4571243960
0.1450000000 0.5589335366 0.0179908255 0.5769243620 0.4470976450
0.1500000000 0.5589335366 0.0138785395 0.5728120761 0.4375467295
0.1550000000 0.5589335366 0.0097354255 0.5686689620 0.4284530367
0.1600000000 0.5589335366 0.0055707041 0.5645042407 0.4197921452
0.1650000000 0.5589335366 0.0013936080 0.5603271446 0.4115553250
0.1700000000 0.5589335366 -0.0027865822 0.5561469544 0.4037211205
0.1750000000 0.5589335366 -0.0069605841 0.5519729525 0.3962840682
0.1800000000 0.5589335366 -0.0111191394 0.5478143972 0.3892223542
0.1850000000 0.5589335366 -0.0152529982 0.5436805384 0.3825188763
0.1900000000 0.5589335366 -0.0193530068 0.5395805298 0.3761622327
0.1950000000 0.5589335366 -0.0234100299 0.5355235067 0.3701321062
0.2000000000 0.5589335366 -0.0274150997 0.5315184369 0.3644211112
0.2050000000 0.5589335366 -0.0313592764 0.5275742602 0.3590231159
0.2100000000 0.5589335366 -0.0352338579 0.5236996786 0.3539267291
0.2150000000 0.5589335366 -0.0390301793 0.5199033572 0.3491154608
0.2200000000 0.5589335366 -0.0427398813 0.5161936553 0.3445814750
0.2250000000 0.5589335366 -0.0463546508 0.5125788858 0.3403139146
0.2300000000 0.5589335366 -0.0498665455 0.5090669911 0.3363104354
0.2350000000 0.5589335366 -0.0532676779 0.5056658587 0.3325660547
0.2400000000 0.5589335366 -0.0565505931 0.5023829435 0.3290636207
0.2450000000 0.5589335366 -0.0597078995 0.4992256371 0.3257949542
0.2500000000 0.5589335366 -0.0627326958 0.4962008408 0.3227533221
0.2550000000 0.5589335366 -0.0656181515 0.4933153851 0.3199262522
0.2600000000 0.5589335366 -0.0683579803 0.4905755563 0.3173047196
0.2650000000 0.5589335366 -0.0709459736 0.4879875630 0.3148836453
0.2700000000 0.5589335366 -0.0733765157 0.4855570208 0.3126637028
0.2750000000 0.5589335366 -0.0756440752 0.4832894614 0.3106324281
0.2800000000 0.5589335366 -0.0777437568 0.4811897797 0.3087862518
0.2850000000 0.5589335366 -0.0796707552 0.4792627813 0.3071236468
0.2900000000 0.5589335366 -0.0814209393 0.4775125973 0.3056358968
0.2950000000 0.5589335366 -0.0829902722 0.4759432644 0.3043213800
0.3000000000 0.5589335366 -0.0843754237 0.4745581129 0.3031738543
0.3050000000 0.5589335366 -0.0855731615 0.4733603751 0.3021867963
0.3100000000 0.5589335366 -0.0865809855 0.4723525511 0.3013639504
0.3150000000 0.5589335366 -0.0873964968 0.4715370398 0.3007018227
0.3200000000 0.5589335366 -0.0880180477 0.4709154889 0.3001995504
0.3250000000 0.5589335366 -0.0884440938 0.4704894428 0.2998542689
0.3300000000 0.5589335366 -0.0886738544 0.4702596821 0.2996681464
0.3350000000 0.5589335366 -0.0887066536 0.4702268829 0.2996390924
0.3400000000 0.5589335366 -0.0885425846 0.4703909520 0.2997639532
0.3450000000 0.5589335366 -0.0881818456 0.4707516910 0.3000564792
0.3500000000 0.5589335366 -0.0876254030 0.4713081336 0.3005120046
0.3550000000 0.5589335366 -0.0868743276 0.4720592089 0.3011195935
0.3600000000 0.5589335366 -0.0859304505 0.4730030861 0.3018891067
0.3650000000 0.5589335366 -0.0847957053 0.4741378313 0.3028140071
0.3700000000 0.5589335366 -0.0834727714 0.4754607652 0.3039026630
0.3750000000 0.5589335366 -0.0819644284 0.4769691081 0.3051628454
0.3800000000 0.5589335366 -0.0802741802 0.4786593564 0.3065943871
0.3850000000 0.5589335366 -0.0784056276 0.4805279090 0.3082014041
0.3900000000 0.5589335366 -0.0763630678 0.4825704688 0.3099875156
0.3950000000 0.5589335366 -0.0741508909 0.4847826457 0.3119531792
0.4000000000 0.5589335366 -0.0717741494 0.4871593872 0.3141069990
0.4050000000 0.5589335366 -0.0692379836 0.4896955529 0.3164578353
0.4100000000 0.5589335366 -0.0665481566 0.4923853800 0.3190094384
0.4150000000 0.5589335366 -0.0637105132 0.4952230233 0.3217726151
0.4200000000 0.5589335366 -0.0607314758 0.4982020608 0.3247527005
0.4250000000 0.5589335366 -0.0576175420 0.5013159946 0.3279543107
0.4300000000 0.5589335366 -0.0543757364 0.5045578002 0.3313864968
0.4350000000 0.5589335366 -0.0510131517 0.5079203849 0.3350578017
0.4400000000 0.5589335366 -0.0475373524 0.5113961841 0.3389800074
0.4450000000 0.5589335366 -0.0439559635 0.5149775731 0.3431553478
0.4500000000 0.5589335366 -0.0402770222 0.5186565144 0.3475914679
0.4550000000 0.5589335366 -0.0365086177 0.5224249189 0.3523001807
0.4600000000 0.5589335366 -0.0326591889 0.5262743477 0.3572880217
0.4650000000 0.5589335366 -0.0287372177 0.5301963189 0.3625714256
0.4700000000 0.5589335366 -0.0247514693 0.5341820672 0.3681593832
0.4750000000 0.5589335366 -0.0207107432 0.5382227934 0.3740657138
0.4800000000 0.5589335366 -0.0166240532 0.5423094834 0.3803115114
0.4850000000 0.5589335366 -0.0125004380 0.5464330986 0.3869001117
0.4900000000 0.5589335366 -0.0083490803 0.5505844563 0.3938466043
0.4950000000 0.5589335366 -0.0041791776 0.5547543590 0.4011707462
0.5000000000 0.5589335366 -0.0000000000 0.5589335366 0.4088813522
0.5050000000 0.5589335366 0.0041791776 0.5631127142 0.4169984187
0.5100000000 0.5589335366 0.0083490803 0.5672826168 0.4255349314
0.5150000000 0.5589335366 0.0125004380 0.5714339746 0.4345025574
0.5200000000 0.5589335366 0.0166240532 0.5755575898 0.4439180174
0.5250000000 0.5589335366 0.0207107432 0.5796442798 0.4538001519
0.5300000000 0.5589335366 0.0247514693 0.5836850059 0.4641696203
0.5350000000 0.5589335366 0.0287372177 0.5876707543 0.4750412243
0.5400000000 0.5589335366 0.0326591889 0.5915927255 0.4864364085
0.5450000000 0.5589335366 0.0365086177 0.5954421543 0.4983709123
0.5500000000 0.5589335366 0.0402770222 0.5992105587 0.5108585838
0.5550000000 0.5589335366 0.0439559635 0.6028895001 0.5239252769
0.5600000000 0.5589335366 0.0475373524 0.6064708890 0.5375805853
0.5650000000 0.5589335366 0.0510131517 0.6099466883 0.5518402099
0.5700000000 0.5589335366 0.0543757364 0.6133092730 0.5667241522
0.5750000000 0.5589335366 0.0576175420 0.6165510786 0.5822490254
0.5800000000 0.5589335366 0.0607314758 0.6196650124 0.5984381920
0.5850000000 0.5589335366 0.0637105132 0.6226440498 0.6153015705
0.5900000000 0.5589335366 0.0665481566 0.6254816932 0.6328519730
0.5950000000 0.5589335366 0.0692379836 0.6281715202 0.6511109135
0.6000000000 0.5589335366 0.0717741494 0.6307076859 0.6700801982
0.6050000000 0.5589335366 0.0741508909 0.6330844274 0.6897591855
0.6100000000 0.5589335366 0.0763630677 0.6352966043 0.7101420283
0.6150000000 0.5589335366 0.0784056276 0.6373391642 0.7312156247
0.6200000000 0.5589335366 0.0802741802 0.6392077168 0.7529365549
0.6250000000 0.5589335366 0.0819644284 0.6408979650 0.7752548433
0.6300000000 0.5589335366 0.0834727714 0.6424063080 0.7980650207
0.6350000000 0.5589335366 0.0847957053 0.6437292419 0.8212406423
0.6400000000 0.5589335366 0.0859304505 0.6448639870 0.8445090053
0.6450000000 0.5589335366 0.0868743276 0.6458078642 0.8675079698
0.6500000000 0.5589335366 0.0876254030 0.6465589395 0.8895045286
0.6550000000 0.5589335366 0.0881818456 0.6471153821 0.9094086055
0.6600000000 0.5589335366 0.0885425846 0.6474761211 0.9249937911
0.6650000000 0.5589335366 0.0887066536 0.6476401902 0.9331464894
0.6700000000 0.5589335366 0.0886738544 0.6476073910 0.9317539754
0.6750000000 0.5589335366 0.0884440938 0.6473776304 0.9207776723
0.6800000000 0.5589335366 0.0880180477 0.6469515842 0.9034861834
0.6850000000 0.5589335366 0.0873964968 0.6463300334 0.8827913985
0.6900000000 0.5589335366 0.0865809855 0.6455145220 0.8603364277
0.6950000000 0.5589335366 0.0855731615 0.6445066981 0.8372089156
0.7000000000 0.5589335366 0.0843754237 0.6433089602 0.8139159284
0.7050000000 0.5589335366 0.0829902722 0.6419238088 0.7908378424
0.7100000000 0.5589335366 0.0814209393 0.6403544758 0.7681553703
0.7150000000 0.5589335366 0.0796707552 0.6386042918 0.7460032683
0.7200000000 0.5589335366 0.0777437568 0.6366772934 0.7244565236
0.7250000000 0.5589335366 0.0756440752 0.6345776118 0.7035752227
0.7300000000 0.5589335366 0.0733765157 0.6323100523 0.6833855149
0.7350000000 0.5589335366 0.0709459736 0.6298795102 0.6639108906
0.7400000000 0.5589335366 0.0683579803 0.6272915169 0.6451492215
0.7450000000 0.5589335366 0.0656181515 0.6245516881 0.6270948143
0.7500000000 0.5589335366 0.0627326958 0.6216662324 0.6097412561
0.7550000000 0.5589335366 0.0597078995 0.6186414361 0.5930738350
0.7600000000 0.5589335366 0.0565505931 0.6154841297 0.5770803387
0.7650000000 0.5589335366 0.0532676779 0.6122012144 0.5617417818
0.7700000000 0.5589335366 0.0498665455 0.6088000820 0.5470422922
0.7750000000 0.5589335366 0.0463546508 0.6052881874 0.5329670641
0.7800000000 0.5589335366 0.0427398813 0.6016734179 0.5195051192
0.7850000000 0.5589335366 0.0390301793 0.5979637159 0.5066423843
0.7900000000 0.5589335366 0.0352338579 0.5941673945 0.4943544244
0.7950000000 0.5589335366 0.0313592764 0.5902928130 0.4826213172
0.8000000000 0.5589335366 0.0274150997 0.5863486363 0.4714174594
0.8050000000 0.5589335366 0.0234100299 0.5823435664 0.4607277052
0.8100000000 0.5589335366 0.0193530068 0.5782865434 0.4505328452
0.8150000000 0.5589335366 0.0152529982 0.5741865348 0.4408099304
0.8200000000 0.5589335366 0.0111191394 0.5700526760 0.4315436835
0.8250000000 0.5589335366 0.0069605841 0.5658941207 0.4227245669
0.8300000000 0.5589335366 0.0027865822 0.5617201188 0.4143336316
0.8350000000 0.5589335366 -0.0013936080 0.5575399286 0.4063489314
0.8400000000 0.5589335366 -0.0055707041 0.5533628324 0.3987594786
0.8450000000 0.5589335366 -0.0097354255 0.5491981111 0.3915552885
0.8500000000 0.5589335366 -0.0138785395 0.5450549971 0.3847164544
0.8550000000 0.5589335366 -0.0179908255 0.5409427111 0.3782348333
0.8600000000 0.5589335366 -0.0220631828 0.5368703538 0.3720977847
0.8650000000 0.5589335366 -0.0260865323 0.5328470042 0.3662830973
0.8700000000 0.5589335366 -0.0300519863 0.5288815503 0.3607798638
0.8750000000 0.5589335366 -0.0339506878 0.5249828487 0.3555823949
0.8800000000 0.5589335366 -0.0377740408 0.5211594958 0.3506822327
0.8850000000 0.5589335366 -0.0415134891 0.5174200474 0.3460700802
0.8900000000 0.5589335366 -0.0451608047 0.5137727319 0.3417310485
0.8950000000 0.5589335366 -0.0487078083 0.5102257283 0.3376579968
0.9000000000 0.5589335366 -0.0521467125 0.5067868240 0.3338410169
0.9050000000 0.5589335366 -0.0554697879 0.5034637486 0.3302636388
0.9100000000 0.5589335366 -0.0586697571 0.5002637795 0.3269171398
0.9150000000 0.5589335366 -0.0617394085 0.4971941281 0.3237925020
0.9200000000 0.5589335366 -0.0646720395 0.4942614971 0.3208894723
0.9250000000 0.5589335366 -0.0674610205 0.4914725160 0.3182011873
0.9300000000 0.5589335366 -0.0701002832 0.4888332534 0.3157178775
0.9350000000 0.5589335366 -0.0725838388 0.4863496977 0.3134292168
0.9400000000 0.5589335366 -0.0749063070 0.4840272296 0.3113343634
0.9450000000 0.5589335366 -0.0770623932 0.4818711433 0.3094231069
0.9500000000 0.5589335366 -0.0790474527 0.4798860838 0.3076908021
0.9550000000 0.5589335366 -0.0808569321 0.4780766044 0.3061329072
0.9600000000 0.5589335366 -0.0824869637 0.4764465729 0.3047467353
0.9650000000 0.5589335366 -0.0839337754 0.4749997612 0.3035289372
0.9700000000 0.5589335366 -0.0851943109 0.4737392257 0.3024755836
0.9750000000 0.5589335366 -0.0862656132 0.4726679234 0.3015835394
0.9800000000 0.5589335366 -0.0871454643 0.4717880722 0.3008544385
0.9850000000 0.5589335366 -0.0878317486 0.4711017880 0.3002954144
0.9900000000 0.5589335366 -0.0883231060 0.4706104305 0.2998996521
0.9950000000 0.5589335366 -0.0886182810 0.4703152556 0.2996631331
1.0000000000 0.5589335366 -0.0887167838 0.4702167528 0.2995849508
