0.0000000000 0.5037990386 0.0857967611 0.5895957997 0.9684459571
0.0050000000 0.5037990386 0.0857544140 0.5895534526 0.9593014848
0.0100000000 0.5037990386 0.0856274661 0.5894265047 0.9384005476
0.0150000000 0.5037990386 0.0854159860 0.5892150246 0.9135619749
0.0200000000 0.5037990386 0.0851202389 0.5889192775 0.8873888898
0.0250000000 0.5037990386 0.0847404602 0.5885394988 0.8611034261
0.0300000000 0.5037990386 0.0842770810 0.5880761197 0.8351159118
0.0350000000 0.5037990386 0.0837305027 0.5875295413 0.8097028007
0.0400000000 0.5037990386 0.0831013201 0.5869003587 0.7849766313
0.0450000000 0.5037990386 0.0823900991 0.5861891377 0.7610245450
0.0500000000 0.5037990386 0.0815975963 0.5853966349 0.7378840941
0.0550000000 0.5037990386 0.0807245394 0.5845235781 0.7155788852
0.0600000000 0.5037990386 0.0797718439 0.5835708825 0.6941087137
0.0650000000 0.5037990386 0.0787403968 0.5825394354 0.6734759107
0.0700000000 0.5037990386 0.0776312684 0.5814303070 0.6536587781
0.0750000000 0.5037990386 0.0764455017 0.5802445403 0.6346438690
0.0800000000 0.5037990386 0.0751843176 0.5789833562 0.6164143918
0.0850000000 0.5037990386 0.0738489108 0.5776479494 0.5989442728
0.0900000000 0.5037990386 0.0724406485 0.5762396871 0.5822164923
0.0950000000 0.5037990386 0.0709608719 0.5747599105 0.5662088435
0.1000000000 0.5037990386 0.0694110889 0.5732101275 0.5508984067
0.1050000000 0.5037990386 0.0677927825 0.5715918211 0.5362662769
0.1100000000 0.5037990386 0.0661075951 0.5699066337 0.5222878686
0.1150000000 0.5037990386 0.0643571456 0.5681561842 0.5089368107
0.1200000000 0.5037990386 0.0625432046 0.5663422432 0.4961967107
0.1250000000 0.5037990386 0.0606675201 0.5644665588 0.4840440682
0.1300000000 0.5037990386 0.0587319842 0.5625310228 0.4724549782
0.1350000000 0.5037990386 0.0567384673 0.5605375059 0.4614073861
0.1400000000 0.5037990386 0.0546889751 0.5584880137 0.4508811651
0.1450000000 0.5037990386 0.0525854932 0.5563845318 0.4408607571
0.1500000000 0.5037990386 0.0504301331 0.5542291717 0.4313275235
0.1550000000 0.5037990386 0.0482249878 0.5520240264 0.4222657265
0.1600000000 0.5037990386 0.0459722661 0.5497713047 0.4136504187
0.1650000000 0.5037990386 0.0436741599 0.5474731985 0.4054688076
0.1700000000 0.5037990386 0.0413329670 0.5451320056 0.3976999115
0.1750000000 0.5037990386 0.0389509696 0.5427500082 0.3903187145
0.1800000000 0.5037990386 0.0365305451 0.5403295837 0.3833172328
0.1850000000 0.5037990386 0.0340740571 0.5378730957 0.3766840799
0.1900000000 0.5037990386 0.0315839534 0.5353829920 0.3704073961
0.1950000000 0.5037990386 0.0290626694 0.5328617081 0.3644630662
0.2000000000 0.5037990386 0.0265127137 0.5303117523 0.3588324254
0.2050000000 0.5037990386 0.0239365842 0.5277356228 0.3535092746
0.2100000000 0.5037990386 0.0213368400 0.5251358786 0.3484794831
0.2150000000 0.5037990386 0.0187160317 0.5225150703 0.3437338624
0.2200000000 0.5037990386 0.0160767591 0.5198757977 0.3392590131
0.2250000000 0.5037990386 0.0134216152 0.5172206538 0.3350391696
0.2300000000 0.5037990386 0.0107532301 0.5145522687 0.3310605856
0.2350000000 0.5037990386 0.0080742291 0.5118732678 0.3273132425
0.2400000000 0.5037990386 0.0053872625 0.5091863011 0.3237920034
0.2450000000 0.5037990386 0.0026949774 0.5064940160 0.3204812841
0.2500000000 0.5037990386 0.0000000335 0.5037990721 0.3173700820
0.2550000000 0.5037990386 -0.0026949106 0.5011041280 0.3144537166
0.2600000000 0.5037990386 -0.0053871961 0.4984118425 0.3117265160
0.2650000000 0.5037990386 -0.0080741634 0.4957248752 0.3091829869
0.2700000000 0.5037990386 -0.0107531652 0.4930458734 0.3068131228
0.2750000000 0.5037990386 -0.0134215515 0.4903774871 0.3046051793
0.2800000000 0.5037990386 -0.0160766968 0.4877223418 0.3025527186
0.2850000000 0.5037990386 -0.0187159712 0.4850830674 0.3006456635
0.2900000000 0.5037990386 -0.0213367814 0.4824622572 0.2988829551
0.2950000000 0.5037990386 -0.0239365278 0.4798625108 0.2972563113
0.3000000000 0.5037990386 -0.0265126597 0.4772863789 0.2957522109
0.3050000000 0.5037990386 -0.0290626181 0.4747364205 0.2943600584
0.3100000000 0.5037990386 -0.0315839049 0.4722151337 0.2930726489
0.3150000000 0.5037990386 -0.0340740118 0.4697250268 0.2918893301
0.3200000000 0.5037990386 -0.0365305031 0.4672685355 0.2908094662
0.3250000000 0.5037990386 -0.0389509311 0.4648481075 0.2898194486
0.3300000000 0.5037990386 -0.0413329322 0.4624661064 0.2889157020
0.3350000000 0.5037990386 -0.0436741290 0.4601249096 0.2880892383
0.3400000000 0.5037990386 -0.0459722392 0.4578267994 0.2873375222
0.3450000000 0.5037990386 -0.0482249652 0.4555740734 0.2866622868
0.3500000000 0.5037990386 -0.0504301149 0.4533689237 0.2860583723
0.3550000000 0.5037990386 -0.0525854796 0.4512135590 0.2855238649
0.3600000000 0.5037990386 -0.0546889661 0.4491100725 0.2850520776
0.3650000000 0.5037990386 -0.0567384631 0.4470605755 0.2846358571
0.3700000000 0.5037990386 -0.0587319848 0.4450670538 0.2842655345
0.3750000000 0.5037990386 -0.0606675258 0.4431315128 0.2839427028
0.3800000000 0.5037990386 -0.0625432152 0.4412558234 0.2836607841
0.3850000000 0.5037990386 -0.0643571614 0.4394418772 0.2834137933
0.3900000000 0.5037990386 -0.0661076161 0.4376914225 0.2832021481
0.3950000000 0.5037990386 -0.0677928086 0.4360062300 0.2830179933
0.4000000000 0.5037990386 -0.0694111203 0.4343879183 0.2828633151
0.4050000000 0.5037990386 -0.0709609085 0.4328381301 0.2827453989
0.4100000000 0.5037990386 -0.0724406903 0.4313583483 0.2826518494
0.4150000000 0.5037990386 -0.0738489579 0.4299500807 0.2825813179
0.4200000000 0.5037990386 -0.0751843699 0.4286146687 0.2825281238
0.4250000000 0.5037990386 -0.0764455591 0.4273534795 0.2824910015
0.4300000000 0.5037990386 -0.0776313309 0.4261677077 0.2824657935
0.4350000000 0.5037990386 -0.0787404643 0.4250585743 0.2824524678
0.4400000000 0.5037990386 -0.0797719163 0.4240271223 0.2824490992
0.4450000000 0.5037990386 -0.0807246166 0.4230744220 0.2824481677
0.4500000000 0.5037990386 -0.0815976782 0.4222013605 0.2824534725
0.4550000000 0.5037990386 -0.0823901855 0.4214088531 0.2824712915
0.4600000000 0.5037990386 -0.0831014110 0.4206976277 0.2824980918
0.4650000000 0.5037990386 -0.0837305977 0.4200684409 0.2825235073
0.4700000000 0.5037990386 -0.0842771802 0.4195218584 0.2825469000
0.4750000000 0.5037990386 -0.0847405632 0.4190584754 0.2825750573
0.4800000000 0.5037990386 -0.0851203456 0.4186786931 0.2825988837
0.4850000000 0.5037990386 -0.0854160961 0.4183829425 0.2826185591
0.4900000000 0.5037990386 -0.0856275795 0.4181714591 0.2826368511
0.4950000000 0.5037990386 -0.0857545304 0.4180445082 0.2826474611
0.5000000000 0.5037990386 -0.0857968802 0.4180021584 0.2826499230
0.5050000000 0.5037990386 -0.0857545304 0.4180445082 0.2826474624
0.5100000000 0.5037990386 -0.0856275795 0.4181714591 0.2826368578
0.5150000000 0.5037990386 -0.0854160961 0.4183829425 0.2826185615
0.5200000000 0.5037990386 -0.0851203456 0.4186786931 0.2825988920
0.5250000000 0.5037990386 -0.0847405632 0.4190584754 0.2825750689
0.5300000000 0.5037990386 -0.0842771802 0.4195218584 0.2825469149
0.5350000000 0.5037990386 -0.0837305977 0.4200684409 0.2825235254
0.5400000000 0.5037990386 -0.0831014110 0.4206976277 0.2824981103
0.5450000000 0.5037990386 -0.0823901855 0.4214088531 0.2824713140
0.5500000000 0.5037990386 -0.0815976782 0.4222013605 0.2824534887
0.5550000000 0.5037990386 -0.0807246166 0.4230744220 0.2824481827
0.5600000000 0.5037990386 -0.0797719163 0.4240271223 0.2824491094
0.5650000000 0.5037990386 -0.0787404643 0.4250585743 0.2824524680
0.5700000000 0.5037990386 -0.0776313309 0.4261677077 0.2824657985
0.5750000000 0.5037990386 -0.0764455591 0.4273534795 0.2824910038
0.5800000000 0.5037990386 -0.0751843699 0.4286146687 0.2825281345
0.5850000000 0.5037990386 -0.0738489579 0.4299500807 0.2825813378
0.5900000000 0.5037990386 -0.0724406903 0.4313583483 0.2826518734
0.5950000000 0.5037990386 -0.0709609085 0.4328381301 0.2827454412
0.6000000000 0.5037990386 -0.0694111203 0.4343879183 0.2828633541
0.6050000000 0.5037990386 -0.0677928086 0.4360062300 0.2830180402
0.6100000000 0.5037990386 -0.0661076161 0.4376914225 0.2832022044
0.6150000000 0.5037990386 -0.0643571614 0.4394418772 0.2834138434
0.6200000000 0.5037990386 -0.0625432152 0.4412558234 0.2836608543
0.6250000000 0.5037990386 -0.0606675258 0.4431315128 0.2839427796
0.6300000000 0.5037990386 -0.0587319848 0.4450670538 0.2842656169
0.6350000000 0.5037990386 -0.0567384631 0.4470605755 0.2846359520
0.6400000000 0.5037990386 -0.0546889661 0.4491100725 0.2850521708
0.6450000000 0.5037990386 -0.0525854796 0.4512135590 0.2855239674
0.6500000000 0.5037990386 -0.0504301149 0.4533689237 0.2860584710
0.6550000000 0.5037990386 -0.0482249652 0.4555740734 0.2866623836
0.6600000000 0.5037990386 -0.0459722392 0.4578267994 0.2873376189
0.6650000000 0.5037990386 -0.0436741290 0.4601249096 0.2880893235
0.6700000000 0.5037990386 -0.0413329322 0.4624661064 0.2889157951
0.6750000000 0.5037990386 -0.0389509311 0.4648481075 0.2898195369
0.6800000000 0.5037990386 -0.0365305031 0.4672685355 0.2908095554
0.6850000000 0.5037990386 -0.0340740118 0.4697250268 0.2918894248
0.6900000000 0.5037990386 -0.0315839049 0.4722151337 0.2930727361
0.6950000000 0.5037990386 -0.0290626181 0.4747364205 0.2943601585
0.7000000000 0.5037990386 -0.0265126597 0.4772863789 0.2957523082
0.7050000000 0.5037990386 -0.0239365278 0.4798625108 0.2972564133
0.7100000000 0.5037990386 -0.0213367814 0.4824622572 0.2988830670
0.7150000000 0.5037990386 -0.0187159712 0.4850830674 0.3006457751
0.7200000000 0.5037990386 -0.0160766968 0.4877223418 0.3025528507
0.7250000000 0.5037990386 -0.0134215515 0.4903774871 0.3046053148
0.7300000000 0.5037990386 -0.0107531652 0.4930458734 0.3068132640
0.7350000000 0.5037990386 -0.0080741634 0.4957248752 0.3091831343
0.7400000000 0.5037990386 -0.0053871961 0.4984118425 0.3117266511
0.7450000000 0.5037990386 -0.0026949106 0.5011041280 0.3144538440
0.7500000000 0.5037990386 0.0000000335 0.5037990721 0.3173701905
0.7550000000 0.5037990386 0.0026949774 0.5064940160 0.3204813749
0.7600000000 0.5037990386 0.0053872625 0.5091863011 0.3237920767
0.7650000000 0.5037990386 0.0080742291 0.5118732678 0.3273133010
0.7700000000 0.5037990386 0.0107532300 0.5145522687 0.3310606405
0.7750000000 0.5037990386 0.0134216151 0.5172206538 0.3350392086
0.7800000000 0.5037990386 0.0160767591 0.5198757977 0.3392590504
0.7850000000 0.5037990386 0.0187160317 0.5225150703 0.3437338984
0.7900000000 0.5037990386 0.0213368400 0.5251358786 0.3484795115
0.7950000000 0.5037990386 0.0239365842 0.5277356228 0.3535093137
0.8000000000 0.5037990386 0.0265127137 0.5303117523 0.3588324564
0.8050000000 0.5037990386 0.0290626694 0.5328617081 0.3644630963
0.8100000000 0.5037990386 0.0315839534 0.5353829920 0.3704074264
0.8150000000 0.5037990386 0.0340740571 0.5378730957 0.3766840993
0.8200000000 0.5037990386 0.0365305451 0.5403295837 0.3833172583
0.8250000000 0.5037990386 0.0389509696 0.5427500082 0.3903187283
0.8300000000 0.5037990386 0.0413329670 0.5451320056 0.3976999254
0.8350000000 0.5037990386 0.0436741599 0.5474731985 0.4054688266
0.8400000000 0.5037990386 0.0459722661 0.5497713047 0.4136504196
0.8450000000 0.5037990386 0.0482249878 0.5520240264 0.4222657255
0.8500000000 0.5037990386 0.0504301331 0.5542291717 0.4313275008
0.8550000000 0.5037990386 0.0525854932 0.5563845318 0.4408606998
0.8600000000 0.5037990386 0.0546889751 0.5584880137 0.4508811018
0.8650000000 0.5037990386 0.0567384673 0.5605375059 0.4614072996
0.8700000000 0.5037990386 0.0587319842 0.5625310228 0.4724548825
0.8750000000 0.5037990386 0.0606675201 0.5644665588 0.4840439782
0.8800000000 0.5037990386 0.0625432046 0.5663422432 0.4961965965
0.8850000000 0.5037990386 0.0643571456 0.5681561842 0.5089366894
0.8900000000 0.5037990386 0.0661075951 0.5699066337 0.5222877386
0.8950000000 0.5037990386 0.0677927825 0.5715918211 0.5362661277
0.9000000000 0.5037990386 0.0694110889 0.5732101275 0.5508982756
0.9050000000 0.5037990386 0.0709608719 0.5747599105 0.5662087300
0.9100000000 0.5037990386 0.0724406485 0.5762396871 0.5822163830
0.9150000000 0.5037990386 0.0738489108 0.5776479495 0.5989441781
0.9200000000 0.5037990386 0.0751843176 0.5789833562 0.6164142879
0.9250000000 0.5037990386 0.0764455017 0.5802445403 0.6346437482
0.9300000000 0.5037990386 0.0776312684 0.5814303070 0.6536586775
0.9350000000 0.5037990386 0.0787403968 0.5825394354 0.6734758340
0.9400000000 0.5037990386 0.0797718439 0.5835708825 0.6941086277
0.9450000000 0.5037990386 0.0807245394 0.5845235781 0.7155787739
0.9500000000 0.5037990386 0.0815975963 0.5853966349 0.7378839726
0.9550000000 0.5037990386 0.0823900991 0.5861891377 0.7610244776
0.9600000000 0.5037990386 0.0831013201 0.5869003587 0.7849765233
0.9650000000 0.5037990386 0.0837305027 0.5875295413 0.8097027016
0.9700000000 0.5037990386 0.0842770810 0.5880761197 0.8351158511
0.9750000000 0.5037990386 0.0847404602 0.5885394988 0.8611033463
0.9800000000 0.5037990386 0.0851202389 0.5889192775 0.8873888450
0.9850000000 0.5037990386 0.0854159860 0.5892150246 0.9135619415
0.9900000000 0.5037990386 0.0856274661 0.5894265048 0.9384005489
0.9950000000 0.5037990386 0.0857544140 0.5895534526 0.9593015094
1.0000000000 0.5037990386 0.0857967611 0.5895957997 0.9684459900
