0.0000000000 0.9340820037 0.0314355641 0.9599909302 0.9641972987
0.0050000000 0.9325335703 0.0300324120 0.9570562397 0.9587465895
0.0100000000 0.9280665769 0.0262771606 0.9488810591 0.9453023148
0.0150000000 0.9210889141 0.0208678807 0.9365650194 0.9276817246
0.0200000000 0.9121120094 0.0145877050 0.9213952708 0.9080301000
0.0250000000 0.9016425302 0.0080756239 0.9045109132 0.8876364564
0.0300000000 0.8900988493 0.0016515477 0.8866460039 0.8670224459
0.0350000000 0.8778325388 -0.0044601436 0.8683731980 0.8465697178
0.0400000000 0.8651056814 -0.0101898796 0.8500222504 0.8264667724
0.0450000000 0.8521231810 -0.0154960169 0.8318382972 0.8068610463
0.0500000000 0.8390433033 -0.0203844370 0.8139728502 0.7878279563
0.0550000000 0.8259865449 -0.0248671691 0.7965337560 0.7694314823
0.0600000000 0.8130475571 -0.0289683255 0.7795911499 0.7517066994
0.0650000000 0.8002981059 -0.0327120399 0.7631923915 0.7346822830
0.0700000000 0.7877977324 -0.0361232890 0.7473718472 0.7183577218
0.0750000000 0.7755865855 -0.0392264561 0.7321451926 0.7027357622
0.0800000000 0.7636884322 -0.0420422363 0.7175154818 0.6878240810
0.0850000000 0.7521514846 -0.0445917841 0.7035096178 0.6736229016
0.0900000000 0.7409713957 -0.0468933610 0.6901051212 0.6601222373
0.0950000000 0.7301684636 -0.0489637605 0.6773054768 0.6473177766
0.1000000000 0.7197548445 -0.0508175814 0.6651082558 0.6352026946
0.1050000000 0.7097351200 -0.0524691982 0.6535037214 0.6237695475
0.1100000000 0.7001224298 -0.0539305746 0.6424930429 0.6130000791
0.1150000000 0.6909024024 -0.0552135758 0.6320501339 0.6028831733
0.1200000000 0.6820774090 -0.0563272264 0.6221683788 0.5934126219
0.1250000000 0.6736402386 -0.0572808262 0.6128313615 0.5845777371
0.1300000000 0.6656124821 -0.0580820331 0.6040529353 0.5763645075
0.1350000000 0.6579469044 -0.0587384865 0.5957785396 0.5687648041
0.1400000000 0.6507002880 -0.0592561968 0.5880586560 0.5617715405
0.1450000000 0.6438003731 -0.0596416687 0.5808149708 0.5553800038
0.1500000000 0.6372882286 -0.0598991664 0.5740840782 0.5495789870
0.1550000000 0.6311500113 -0.0600341792 0.5678467562 0.5443610392
0.1600000000 0.6253497105 -0.0600499946 0.5620639316 0.5397141903
0.1650000000 0.6198973862 -0.0599503610 0.5567418797 0.5356301960
0.1700000000 0.6148281225 -0.0597382756 0.5519125039 0.5321032209
0.1750000000 0.6100967650 -0.0594173706 0.5475272970 0.5291278166
0.1800000000 0.6056875775 -0.0589893357 0.5435689325 0.5266986714
0.1850000000 0.6016076912 -0.0584566327 0.5400420533 0.5248125160
0.1900000000 0.5978517890 -0.0578205906 0.5369400514 0.5234694347
0.1950000000 0.5944148255 -0.0570832043 0.5342559266 0.5226586101
0.2000000000 0.5913086212 -0.0562453859 0.5320005250 0.5223817335
0.2050000000 0.5885042295 -0.0553087034 0.5301435066 0.5226475245
0.2100000000 0.5860044356 -0.0542735233 0.5286872763 0.5234555868
0.2150000000 0.5838056203 -0.0531409487 0.5276271387 0.5248022508
0.2200000000 0.5819045439 -0.0519110834 0.5269597697 0.5266882826
0.2250000000 0.5803043840 -0.0505847185 0.5266875418 0.5291162395
0.2300000000 0.5789689173 -0.0491616750 0.5267746174 0.5320948403
0.2350000000 0.5779701360 -0.0476424710 0.5272920611 0.5356278472
0.2400000000 0.5772690658 -0.0460268350 0.5282013920 0.5397149096
0.2450000000 0.5768426760 -0.0443150064 0.5294794729 0.5443640038
0.2500000000 0.5766904532 -0.0425064828 0.5311262930 0.5495884216
0.2550000000 0.5768083745 -0.0406013567 0.5331377605 0.5553975405
0.2600000000 0.5772350794 -0.0385990747 0.5355528438 0.5617939006
0.2650000000 0.5779504555 -0.0364995954 0.5383515869 0.5687861107
0.2700000000 0.5789610702 -0.0343023167 0.5415411183 0.5763785231
0.2750000000 0.5802753403 -0.0320070835 0.5451299608 0.5845754718
0.2800000000 0.5818832012 -0.0296132929 0.5491087067 0.5933954012
0.2850000000 0.5837709336 -0.0271207831 0.5534638764 0.6028543086
0.2900000000 0.5859602995 -0.0245290706 0.5582175878 0.6129547354
0.2950000000 0.5884696019 -0.0218379565 0.5633882370 0.6236986301
0.3000000000 0.5912845258 -0.0190470523 0.5689619773 0.6351053809
0.3050000000 0.5944055278 -0.0161562802 0.5749393398 0.6471876641
0.3100000000 0.5978458527 -0.0131655192 0.5813336142 0.6599504941
0.3150000000 0.6015962544 -0.0100748570 0.5881355197 0.6734078521
0.3200000000 0.6056614021 -0.0068845721 0.5953494221 0.6875704470
0.3250000000 0.6100712334 -0.0035950353 0.6030047189 0.7024413726
0.3300000000 0.6148296660 -0.0002069411 0.6111046149 0.7180223406
0.3350000000 0.6199057089 0.0032788871 0.6196174777 0.7343222984
0.3400000000 0.6253473096 0.0068609794 0.6285895189 0.7513328388
0.3450000000 0.6311381599 0.0105378840 0.6380030802 0.7690400466
0.3500000000 0.6372828462 0.0143071417 0.6478602766 0.7874133970
0.3550000000 0.6438045397 0.0181663153 0.6581817235 0.8064314370
0.3600000000 0.6506888102 0.0221115560 0.6689492464 0.8260318542
0.3650000000 0.6579460447 0.0261390960 0.6801694266 0.8461319413
0.3700000000 0.6656081897 0.0302430119 0.6918681384 0.8665815181
0.3750000000 0.6736445465 0.0344174407 0.7040090294 0.8872052301
0.3800000000 0.6820733148 0.0386538202 0.7166016816 0.9076284077
0.3850000000 0.6908963310 0.0429434235 0.7296392443 0.9273290223
0.3900000000 0.7001182787 0.0472735481 0.7431137443 0.9450330648
0.3950000000 0.7097416804 0.0516310771 0.7570146481 0.9586217338
0.4000000000 0.7197590605 0.0559973657 0.7713159843 0.9642632031
0.4050000000 0.7301668589 0.0603532215 0.7859951312 0.9589467504
0.4100000000 0.7409685208 0.0646709042 0.8010279324 0.9455363220
0.4150000000 0.7521472998 0.0689211118 0.8163686032 0.9279027592
0.4200000000 0.7636937631 0.0730623005 0.8319664588 0.9082208425
0.4250000000 0.7755841846 0.0770500001 0.8477536933 0.8877809644
0.4300000000 0.7877963168 0.0808210940 0.8636454312 0.8671210776
0.4350000000 0.8002994296 0.0843061144 0.8795420481 0.8466379455
0.4400000000 0.8130481422 0.0874046511 0.8952985875 0.8265147920
0.4450000000 0.8259867399 0.0900059664 0.9107495498 0.8068908693
0.4500000000 0.8390435430 0.0919453578 0.9256599058 0.7878404672
0.4550000000 0.8521237180 0.0930390817 0.9397526732 0.7694327017
0.4600000000 0.8651070644 0.0930146179 0.9526373789 0.7516973982
0.4650000000 0.8778335140 0.0915536141 0.9638383410 0.7346552105
0.4700000000 0.8901004403 0.0881954211 0.9726960807 0.7183145911
0.4750000000 0.9016399331 0.0824084827 0.9784157073 0.7026835726
0.4800000000 0.9121147371 0.0735270921 0.9800000000 0.6877685577
0.4850000000 0.9210907296 0.0608415645 0.9763116983 0.6735697406
0.4900000000 0.9280704421 0.0440400305 0.9665460971 0.6600765890
0.4950000000 0.9325349396 0.0231926098 0.9502569500 0.6472828670
0.5000000000 0.9340773202 0.0000122169 0.9287427941 0.6351754395
0.5050000000 0.9325362960 -0.0231692364 0.9041618284 0.6237455584
0.5100000000 0.9280677784 -0.0440203514 0.8789871258 0.6129810559
0.5150000000 0.9210866006 -0.0608283391 0.8553341297 0.6028686775
0.5200000000 0.9121093422 -0.0735224427 0.8337868150 0.5934035730
0.5250000000 0.9016392289 -0.0824103575 0.8145395926 0.5845764657
0.5300000000 0.8901009261 -0.0882000962 0.7973107371 0.5763751552
0.5350000000 0.8778323206 -0.0915614338 0.7817702600 0.5687893681
0.5400000000 0.8651053863 -0.0930274598 0.7676585405 0.5618077159
0.5450000000 0.8521234633 -0.0930563144 0.7547222367 0.5554215158
0.5500000000 0.8390436326 -0.0919652820 0.7428020625 0.5496216650
0.5550000000 0.8259880143 -0.0900291580 0.7317462164 0.5443947265
0.5600000000 0.8130497679 -0.0874312629 0.7214650534 0.5397386993
0.5650000000 0.8003018841 -0.0843353028 0.7118683774 0.5356545938
0.5700000000 0.7877977221 -0.0808521920 0.7028989629 0.5321321445
0.5750000000 0.7755833112 -0.0770818840 0.6945031942 0.5291639958
0.5800000000 0.7636948468 -0.0730945743 0.6866472657 0.5267489170
0.5850000000 0.7521492818 -0.0689539673 0.6792846938 0.5248861730
0.5900000000 0.7409645592 -0.0647038787 0.6723897539 0.5235689301
0.5950000000 0.7301716496 -0.0603862083 0.6659515790 0.5227884558
0.6000000000 0.7197591673 -0.0560304379 0.6599295358 0.5225495322
0.6050000000 0.7097406646 -0.0516638243 0.6543099981 0.5228617534
0.6100000000 0.7001158483 -0.0473057962 0.6490733572 0.5237125661
0.6150000000 0.6908944998 -0.0429750488 0.6442107500 0.5250934426
0.6200000000 0.6820762823 -0.0386847959 0.6397087035 0.5270179157
0.6250000000 0.6736457325 -0.0344477264 0.6355392267 0.5294899492
0.6300000000 0.6656067386 -0.0302725013 0.6316975742 0.5325137381
0.6350000000 0.6579612482 -0.0261678098 0.6281770429 0.5361006211
0.6400000000 0.6506931747 -0.0221394857 0.6249558379 0.5402488680
0.6450000000 0.6438012189 -0.0181933346 0.6220268950 0.5449585179
0.6500000000 0.6372954189 -0.0143332043 0.6193963692 0.5502387850
0.6550000000 0.6311293610 -0.0105629627 0.6170142666 0.5561043491
0.6600000000 0.6253427496 -0.0068850258 0.6149176622 0.5625619839
0.6650000000 0.6199204884 -0.0033018537 0.6130891000 0.5696114639
0.6700000000 0.6148364876 0.0001850790 0.6115011735 0.5772593449
0.6750000000 0.6100852140 0.0035742913 0.6101469086 0.5855173339
0.6800000000 0.6056762122 0.0068649702 0.6090349871 0.5944006334
0.6850000000 0.6015923693 0.0100563713 0.6081476537 0.6039187544
0.6900000000 0.5978332589 0.0131481124 0.6074841044 0.6140801811
0.6950000000 0.5943937973 0.0161399551 0.6070390477 0.6248939227
0.7000000000 0.5912692057 0.0190318154 0.6068076485 0.6363724924
0.7050000000 0.5884773354 0.0218238541 0.6068078160 0.6485284129
0.7100000000 0.5859885461 0.0245161848 0.6070101922 0.6613692794
0.7150000000 0.5837995872 0.0271091416 0.6074118776 0.6749018581
0.7200000000 0.5819072965 0.0296028756 0.6080098783 0.6891334316
0.7250000000 0.5803088987 0.0319978772 0.6088019224 0.7040741448
0.7300000000 0.5790113235 0.0342943292 0.6097950816 0.7197271924
0.7350000000 0.5779807627 0.0364927971 0.6109563035 0.7360830689
0.7400000000 0.5772257418 0.0385933976 0.6122941810 0.7531332161
0.7450000000 0.5768190521 0.0405967736 0.6138817278 0.7708717419
0.7500000000 0.5766941625 0.0425029897 0.6156528580 0.7892762868
0.7550000000 0.5768426330 0.0443125800 0.6175997109 0.8083126842
0.7600000000 0.5772552246 0.0460254705 0.6197130267 0.8279129090
0.7650000000 0.5779763614 0.0476421478 0.6220374590 0.8479980047
0.7700000000 0.5789879932 0.0491623361 0.6245547871 0.8684184355
0.7750000000 0.5802916946 0.0505863762 0.6272669149 0.8889793882
0.7800000000 0.5818894811 0.0519137731 0.6301753546 0.9092827578
0.7850000000 0.5837808492 0.0531446890 0.6332797665 0.9287794736
0.7900000000 0.5859849505 0.0542783106 0.6365983842 0.9461390240
0.7950000000 0.5884899827 0.0553144859 0.6401193218 0.9591458050
0.8000000000 0.5912995903 0.0562521093 0.6438451037 0.9640194915
0.8050000000 0.5944177836 0.0570907498 0.6477792884 0.9580707029
0.8100000000 0.5978395559 0.0578289576 0.6519154567 0.9443537701
0.8150000000 0.6015763986 0.0584660344 0.6562643398 0.9266377949
0.8200000000 0.6056683367 0.0589997792 0.6608635452 0.9069685343
0.8250000000 0.6100880955 0.0594286470 0.6656844182 0.8865855013
0.8300000000 0.6148245151 0.0597502451 0.6707134838 0.8659983293
0.8350000000 0.6199034303 0.0599628545 0.6759747196 0.8455864738
0.8400000000 0.6253537500 0.0600629100 0.6814933243 0.8255318592
0.8450000000 0.6311311244 0.0600478292 0.6872226345 0.8059729389
0.8500000000 0.6372895010 0.0599135142 0.6932122143 0.7869883043
0.8550000000 0.6437909133 0.0596565420 0.6994209111 0.7686444874
0.8600000000 0.6506962859 0.0592716132 0.7059040317 0.7509687096
0.8650000000 0.6579529751 0.0587540518 0.7126045848 0.7339888620
0.8700000000 0.6655978721 0.0580978927 0.7195533189 0.7177100845
0.8750000000 0.6736458575 0.0572969114 0.7267588412 0.7021348420
0.8800000000 0.6820745323 0.0563432887 0.7341911059 0.6872657824
0.8850000000 0.6909003319 0.0552297881 0.7418592595 0.6731032934
0.8900000000 0.7001208509 0.0539468557 0.7497514113 0.6596393086
0.8950000000 0.7097414959 0.0524851911 0.7578636896 0.6468640617
0.9000000000 0.7197573466 0.0508330974 0.7661795723 0.6347689639
0.9050000000 0.7301668097 0.0489790688 0.7746860354 0.6233468606
0.9100000000 0.7409718881 0.0469084403 0.7833704891 0.6125869690
0.9150000000 0.7521452706 0.0446069261 0.7921915747 0.6024764440
0.9200000000 0.7636936118 0.0420570445 0.8011385270 0.5930084221
0.9250000000 0.7755853728 0.0392405365 0.8101618331 0.5841749449
0.9300000000 0.7877984695 0.0361367811 0.8192190323 0.5759613395
0.9350000000 0.8003012011 0.0327241946 0.8282571453 0.5683628464
0.9400000000 0.8130498099 0.0289786428 0.8372086687 0.5613664388
0.9450000000 0.8259880048 0.0248753587 0.8459930084 0.5549565549
0.9500000000 0.8390434630 0.0203906067 0.8545146557 0.5491324923
0.9550000000 0.8521231853 0.0155006025 0.8626574957 0.5438868977
0.9600000000 0.8651060284 0.0101930307 0.8702888336 0.5392082028
0.9650000000 0.8778344007 0.0044620538 0.8772461759 0.5350953917
0.9700000000 0.8901002908 -0.0016508211 0.8833639711 0.5315442515
0.9750000000 0.9016419264 -0.0080761630 0.8884509790 0.5285547860
0.9800000000 0.9121109996 -0.0145894532 0.8923841191 0.5261199060
0.9850000000 0.9210876279 -0.0208706852 0.8950640869 0.5242365935
0.9900000000 0.9280673306 -0.0262810677 0.8966244242 0.5228974604
0.9950000000 0.9325365591 -0.0300376048 0.8973330362 0.5220963054
1.0000000000 0.9340820037 -0.0314414365 0.8974738385 0.5218297563
