0.0000000000 0.9670953911 -0.0011978865 0.9658975046 0.9552572291
0.0050000000 0.9586646550 -0.0022334878 0.9564311672 0.9469088940
0.0100000000 0.9395427698 -0.0043743581 0.9351684117 0.9271829394
0.0150000000 0.9164164358 -0.0065441179 0.9098723179 0.9026855543
0.0200000000 0.8919592022 -0.0085644794 0.8833947228 0.8763187592
0.0250000000 0.8672377384 -0.0104315979 0.8568061405 0.8495767543
0.0300000000 0.8427524470 -0.0121590348 0.8305934122 0.8229905222
0.0350000000 0.8187636823 -0.0137670253 0.8049966570 0.7969075027
0.0400000000 0.7954242761 -0.0152690911 0.7801551850 0.7714852848
0.0450000000 0.7728112815 -0.0166788371 0.7561324444 0.7468405888
0.0500000000 0.7509846121 -0.0180056489 0.7329789632 0.7230185810
0.0550000000 0.7299545106 -0.0192586069 0.7106959036 0.7000581896
0.0600000000 0.7097553721 -0.0204443943 0.6893109778 0.6779635289
0.0650000000 0.6903702540 -0.0215695183 0.6688007356 0.6567315483
0.0700000000 0.6717944709 -0.0226387129 0.6491557580 0.6363558375
0.0750000000 0.6540126656 -0.0236565105 0.6303561550 0.6168253723
0.0800000000 0.6370457132 -0.0246266320 0.6124190812 0.5981225211
0.0850000000 0.6208365253 -0.0255525839 0.5952839414 0.5802288871
0.0900000000 0.6053792395 -0.0264369100 0.5789423295 0.5631247239
0.0950000000 0.5906618080 -0.0272821198 0.5633796882 0.5467902302
0.1000000000 0.5766819650 -0.0280902567 0.5485917083 0.5312080888
0.1050000000 0.5633997299 -0.0288632060 0.5345365239 0.5163510760
0.1100000000 0.5508011121 -0.0296023113 0.5211988007 0.5022009255
0.1150000000 0.5388268354 -0.0303087090 0.5085181264 0.4887367784
0.1200000000 0.5275481934 -0.0309833236 0.4965648698 0.4759389158
0.1250000000 0.5168660384 -0.0316269938 0.4852390446 0.4638002824
0.1300000000 0.5068095633 -0.0322401024 0.4745694610 0.4522867115
0.1350000000 0.4972992262 -0.0328229256 0.4644763006 0.4413798876
0.1400000000 0.4884129289 -0.0333755068 0.4550374221 0.4310661412
0.1450000000 0.4800754985 -0.0338978622 0.4461776362 0.4213289875
0.1500000000 0.4722489172 -0.0343895607 0.4378593565 0.4121586771
0.1550000000 0.4649351292 -0.0348500751 0.4300850541 0.4035368505
0.1600000000 0.4581693149 -0.0352787311 0.4228905838 0.3954430178
0.1650000000 0.4519117004 -0.0356747533 0.4162369472 0.3878676264
0.1700000000 0.4461091450 -0.0360370240 0.4100721210 0.3807939733
0.1750000000 0.4407751454 -0.0363643058 0.4044108396 0.3742097176
0.1800000000 0.4358971907 -0.0366551459 0.3992420448 0.3681014113
0.1850000000 0.4314633326 -0.0369079591 0.3945553735 0.3624626532
0.1900000000 0.4274742507 -0.0371209067 0.3903533440 0.3572846393
0.1950000000 0.4238659539 -0.0372920184 0.3865739355 0.3525560086
0.2000000000 0.4206851910 -0.0374190777 0.3832661133 0.3482748313
0.2050000000 0.4179509538 -0.0374996907 0.3804512632 0.3444342914
0.2100000000 0.4155946695 -0.0375311856 0.3780634839 0.3410149125
0.2150000000 0.4136085437 -0.0375107564 0.3760977873 0.3380162632
0.2200000000 0.4119851855 -0.0374353463 0.3745498392 0.3354350597
0.2250000000 0.4107171555 -0.0373017340 0.3734154215 0.3332619710
0.2300000000 0.4097977464 -0.0371064371 0.3726913094 0.3314980108
0.2350000000 0.4092833954 -0.0368456759 0.3724377195 0.3301351232
0.2400000000 0.4091135724 -0.0365153154 0.3725982571 0.3291678089
0.2450000000 0.4092706459 -0.0361111157 0.3731595302 0.3285980517
0.2500000000 0.4097418860 -0.0356286087 0.3741132773 0.3284196179
0.2550000000 0.4105455920 -0.0350630699 0.3754825221 0.3286331816
0.2600000000 0.4116681275 -0.0344094075 0.3772587200 0.3292375736
0.2650000000 0.4131042058 -0.0336623191 0.3794418867 0.3302392176
0.2700000000 0.4148487282 -0.0328161843 0.3820325439 0.3316440644
0.2750000000 0.4168965935 -0.0318651422 0.3850314513 0.3334487328
0.2800000000 0.4192571170 -0.0308029194 0.3884541977 0.3356587532
0.2850000000 0.4219219579 -0.0296229079 0.3922990500 0.3382742561
0.2900000000 0.4248766632 -0.0283182514 0.3965584118 0.3413008442
0.2950000000 0.4281164747 -0.0268818490 0.4012346257 0.3447456646
0.3000000000 0.4316365801 -0.0253063153 0.4063302648 0.3486173022
0.3050000000 0.4354232929 -0.0235840473 0.4118392457 0.3529222073
0.3100000000 0.4394839624 -0.0217071849 0.4177767775 0.3576690630
0.3150000000 0.4438104058 -0.0196675262 0.4241428796 0.3628703400
0.3200000000 0.4483970325 -0.0174567432 0.4309402893 0.3685286857
0.3250000000 0.4532379011 -0.0150662455 0.4381716556 0.3746628537
0.3300000000 0.4583248455 -0.0124874492 0.4458373963 0.3812747384
0.3350000000 0.4636538278 -0.0097115692 0.4539422586 0.3883769092
0.3400000000 0.4692251669 -0.0067298501 0.4624953168 0.3959823258
0.3450000000 0.4750209889 -0.0035334094 0.4714875795 0.4040978968
0.3500000000 0.4810298123 -0.0001140189 0.4809157934 0.4127434277
0.3550000000 0.4872499154 0.0035366467 0.4907865621 0.4219249374
0.3600000000 0.4936561956 0.0074258991 0.5010820947 0.4316649921
0.3650000000 0.5002387989 0.0115606495 0.5117994483 0.4419803812
0.3700000000 0.5070095798 0.0159467154 0.5229562952 0.4528834750
0.3750000000 0.5139257510 0.0205893901 0.5345151411 0.4643967009
0.3800000000 0.5209807766 0.0254913391 0.5464721157 0.4765334792
0.3850000000 0.5281584418 0.0306544666 0.5588129085 0.4893194032
0.3900000000 0.5354320336 0.0360771809 0.5715092145 0.5027785072
0.3950000000 0.5427863011 0.0417563923 0.5845426934 0.5169166388
0.4000000000 0.5501935224 0.0476840683 0.5978775907 0.5317615563
0.4050000000 0.5576270667 0.0538501833 0.6114772500 0.5473352573
0.4100000000 0.5650577108 0.0602376296 0.6252953404 0.5636525671
0.4150000000 0.5724537193 0.0668261578 0.6392798771 0.5807412680
0.4200000000 0.5797837361 0.0735876677 0.6533714038 0.5986194754
0.4250000000 0.5870045062 0.0804893463 0.6674938526 0.6173071782
0.4300000000 0.5940764039 0.0874873242 0.6815637281 0.6368197329
0.4350000000 0.6009597953 0.0945330533 0.6954928486 0.6571620151
0.4400000000 0.6076125239 0.1015667852 0.7091793091 0.6783569317
0.4450000000 0.6139903683 0.1085234343 0.7225138026 0.7004144626
0.4500000000 0.6200321595 0.1153255057 0.7353576652 0.7233213933
0.4550000000 0.6256958269 0.1218898011 0.7475856280 0.7470784600
0.4600000000 0.6309324745 0.1281255918 0.7590580663 0.7716498578
0.4650000000 0.6356944605 0.1339383685 0.7696328290 0.7969849775
0.4700000000 0.6399345359 0.1392318814 0.7791664173 0.8229790307
0.4750000000 0.6436016526 0.1439089750 0.7875106276 0.8494777650
0.4800000000 0.6466638134 0.1478808036 0.7945446170 0.8761142343
0.4850000000 0.6490890029 0.1510629526 0.8001519555 0.9023481517
0.4900000000 0.6508490657 0.1533904813 0.8042395470 0.9266654972
0.4950000000 0.6519080826 0.1548065941 0.8067146766 0.9461556978
0.5000000000 0.6522552117 0.1552833126 0.8075385243 0.9543739809
0.5050000000 0.6518971710 0.1548044391 0.8067016101 0.9461473101
0.5100000000 0.6508375300 0.1533863462 0.8042238762 0.9266550483
0.5150000000 0.6490921213 0.1510565937 0.8001487150 0.9023368160
0.5200000000 0.6466709801 0.1478717986 0.7945427787 0.8761012990
0.5250000000 0.6436088643 0.1438972117 0.7875060760 0.8494621859
0.5300000000 0.6399404019 0.1392174457 0.7791578476 0.8229638398
0.5350000000 0.6357054506 0.1339210027 0.7696264533 0.7969728114
0.5400000000 0.6309394296 0.1281052936 0.7590447232 0.7716367293
0.5450000000 0.6256919337 0.1218676935 0.7475596272 0.7470647647
0.5500000000 0.6200227378 0.1153028612 0.7353255990 0.7233073907
0.5550000000 0.6139861268 0.1085006431 0.7224867699 0.7004017792
0.5600000000 0.6076197772 0.1015428648 0.7091626420 0.6783474001
0.5650000000 0.6009651192 0.0945071713 0.6954722906 0.6571509903
0.5700000000 0.5940742027 0.0874602293 0.6815344321 0.6368063985
0.5750000000 0.5870010781 0.0804620720 0.6674631501 0.6172952226
0.5800000000 0.5797841629 0.0735602068 0.6533443697 0.5986103754
0.5850000000 0.5724530217 0.0667984265 0.6392514483 0.5807319782
0.5900000000 0.5650582358 0.0602096994 0.6252679352 0.5636400801
0.5950000000 0.5576268347 0.0538222699 0.6114491046 0.5473236708
0.6000000000 0.5501938725 0.0476564012 0.5978502737 0.5317543363
0.6050000000 0.5427873524 0.0417289418 0.5845162943 0.5169087558
0.6100000000 0.5354305337 0.0360500108 0.5714805445 0.5027675277
0.6150000000 0.5281592882 0.0306275822 0.5587868705 0.4893110844
0.6200000000 0.5209848066 0.0254647827 0.5464495893 0.4765279165
0.6250000000 0.5139240281 0.0205632389 0.5344872670 0.4643885328
0.6300000000 0.5070060629 0.0159210669 0.5229271298 0.4528739476
0.6350000000 0.5002505943 0.0115353408 0.5117859350 0.4419724858
0.6400000000 0.4936641458 0.0074008509 0.5010649967 0.4316576714
0.6450000000 0.4872556258 0.0035120324 0.4907676582 0.4219174227
0.6500000000 0.4810411180 -0.0001382022 0.4809029158 0.4127373981
0.6550000000 0.4750314219 -0.0035571944 0.4714742275 0.4040926579
0.6600000000 0.4692363313 -0.0067532023 0.4624831290 0.3959762357
0.6650000000 0.4636722166 -0.0097345662 0.4539376505 0.3883704957
0.6700000000 0.4583397686 -0.0125100996 0.4458296690 0.3812675158
0.6750000000 0.4532483348 -0.0150884205 0.4381599143 0.3746545090
0.6800000000 0.4484048330 -0.0174783597 0.4309264733 0.3685213630
0.6850000000 0.4438156659 -0.0196885227 0.4241271433 0.3628654448
0.6900000000 0.4394959219 -0.0217275909 0.4177683310 0.3576651409
0.6950000000 0.4354379890 -0.0236039494 0.4118340396 0.3529178747
0.7000000000 0.4316493778 -0.0253257117 0.4063236661 0.3486112021
0.7050000000 0.4281350751 -0.0269007525 0.4012343226 0.3447404053
0.7100000000 0.4248999189 -0.0283367174 0.3965632014 0.3412979210
0.7150000000 0.4219505655 -0.0296409849 0.3923095806 0.3382677085
0.7200000000 0.4192840115 -0.0308206124 0.3884633991 0.3356509678
0.7250000000 0.4169082161 -0.0318823577 0.3850258583 0.3334440083
0.7300000000 0.4148340789 -0.0328327400 0.3820013389 0.3316405627
0.7350000000 0.4130972788 -0.0336781506 0.3794191282 0.3302368477
0.7400000000 0.4116668778 -0.0344245916 0.3772422862 0.3292327911
0.7450000000 0.4105517489 -0.0350776720 0.3754740770 0.3286258020
0.7500000000 0.4097488427 -0.0356426688 0.3741061739 0.3284135893
0.7550000000 0.4092647299 -0.0361246054 0.3731401246 0.3285939026
0.7600000000 0.4091048103 -0.0365282124 0.3725765979 0.3291623885
0.7650000000 0.4092747129 -0.0368579984 0.3724167146 0.3301285240
0.7700000000 0.4098024014 -0.0371182302 0.3726841711 0.3314942475
0.7750000000 0.4107051014 -0.0373130130 0.3733920884 0.3332589903
0.7800000000 0.4119654128 -0.0374460948 0.3745193179 0.3354315707
0.7850000000 0.4135901478 -0.0375209948 0.3760691529 0.3380129481
0.7900000000 0.4155871211 -0.0375409511 0.3780461700 0.3410094967
0.7950000000 0.4179645556 -0.0375090302 0.3804555254 0.3444294583
0.8000000000 0.4207157444 -0.0374280232 0.3832877212 0.3482728912
0.8050000000 0.4238827305 -0.0373005723 0.3865821582 0.3525535221
0.8100000000 0.4274594282 -0.0371290676 0.3903303606 0.3572811491
0.8150000000 0.4314560449 -0.0369157400 0.3945403049 0.3624590918
0.8200000000 0.4358832978 -0.0366625672 0.3992207306 0.3680984390
0.8250000000 0.4407307775 -0.0363714050 0.4043593726 0.3742058062
0.8300000000 0.4460890944 -0.0360438214 0.4100452730 0.3807876053
0.8350000000 0.4519043025 -0.0356812466 0.4162230560 0.3878635048
0.8400000000 0.4581852820 -0.0352849067 0.4229003753 0.3954415872
0.8450000000 0.4649282588 -0.0348559506 0.4300723082 0.4035333298
0.8500000000 0.4722483111 -0.0343951630 0.4378531481 0.4121548125
0.8550000000 0.4800515299 -0.0339032332 0.4461482967 0.4213274443
0.8600000000 0.4884000550 -0.0333806747 0.4550193802 0.4310638730
0.8650000000 0.4973089339 -0.0328278309 0.4644811030 0.4413758179
0.8700000000 0.5067987121 -0.0322447566 0.4745539556 0.4522812823
0.8750000000 0.5168469391 -0.0316314777 0.4852154614 0.4637973154
0.8800000000 0.5275378816 -0.0309876500 0.4965502316 0.4759410057
0.8850000000 0.5388470035 -0.0303127642 0.5085342393 0.4887364469
0.8900000000 0.5507873925 -0.0296061161 0.5211812764 0.5021967334
0.8950000000 0.5633976778 -0.0288668489 0.5345308289 0.5163487713
0.9000000000 0.5766894758 -0.0280936834 0.5485957924 0.5312059806
0.9050000000 0.5906754777 -0.0272852638 0.5633902140 0.5467862805
0.9100000000 0.6053743794 -0.0264398196 0.5789345598 0.5631210270
0.9150000000 0.6208358585 -0.0255553158 0.5952805426 0.5802272691
0.9200000000 0.6370316322 -0.0246292403 0.6124023919 0.5981246374
0.9250000000 0.6540165303 -0.0236589612 0.6303575690 0.6168266784
0.9300000000 0.6717896781 -0.0226409697 0.6491487084 0.6363530569
0.9350000000 0.6903615678 -0.0215717043 0.6687898635 0.6567284707
0.9400000000 0.7097524670 -0.0204465020 0.6893059650 0.6779611747
0.9450000000 0.7299589585 -0.0192604789 0.7106984796 0.7000545858
0.9500000000 0.7509825301 -0.0180072815 0.7329752485 0.7230155602
0.9550000000 0.7728137006 -0.0166802209 0.7561334797 0.7468403422
0.9600000000 0.7954223028 -0.0152702341 0.7801520687 0.7714867312
0.9650000000 0.8187633763 -0.0137679813 0.8049953950 0.7969093596
0.9700000000 0.8427519590 -0.0121597580 0.8305922011 0.8229921331
0.9750000000 0.8672379095 -0.0104319950 0.8568059145 0.8495763628
0.9800000000 0.8919590219 -0.0085643644 0.8833946574 0.8763168625
0.9850000000 0.9164160367 -0.0065433654 0.9098726713 0.9026857101
0.9900000000 0.9395427311 -0.0043728663 0.9351698648 0.9271851877
0.9950000000 0.9586653175 -0.0022311407 0.9564341767 0.9469112232
1.0000000000 0.9670953911 -0.0011950828 0.9659003083 0.9552589881
