0.0000000000 0.9443933759 0.0272408455 0.9654052787 0.9700233455
0.0050000000 0.9430698270 0.0258684448 0.9627266121 0.9647205889
0.0100000000 0.9392225145 0.0221273732 0.9551868756 0.9516687895
0.0150000000 0.9331104104 0.0165936471 0.9436157044 0.9346142536
0.0200000000 0.9250998307 0.0099960389 0.9291011665 0.9155542345
0.0250000000 0.9155708911 0.0029866815 0.9126688931 0.8957080714
0.0300000000 0.9048673529 -0.0040485453 0.8950438476 0.8755830499
0.0350000000 0.8932923350 -0.0108099211 0.8768250047 0.8555494646
0.0400000000 0.8810974611 -0.0171754355 0.8583836031 0.8358155084
0.0450000000 0.8684826629 -0.0230607755 0.8400020654 0.8165248597
0.0500000000 0.8556196438 -0.0284512565 0.8218655846 0.7977470537
0.0550000000 0.8426367086 -0.0333446418 0.8041038655 0.7795564965
0.0600000000 0.8296421281 -0.0377618472 0.7868037028 0.7619879595
0.0650000000 0.8167201611 -0.0417262634 0.7700255747 0.7450679982
0.0700000000 0.8039413757 -0.0452672031 0.7538104720 0.7288162952
0.0750000000 0.7913660700 -0.0484154949 0.7381876751 0.7132569453
0.0800000000 0.7790316240 -0.0511995696 0.7231660760 0.6983864843
0.0850000000 0.7669781497 -0.0536468640 0.7087582687 0.6842090077
0.0900000000 0.7552299080 -0.0557824217 0.6949634755 0.6707134144
0.0950000000 0.7438195417 -0.0576308726 0.6817896578 0.6579022231
0.1000000000 0.7327545884 -0.0592137774 0.6692228824 0.6457691900
0.1050000000 0.7220526593 -0.0605514897 0.6572604246 0.6342874070
0.1100000000 0.7117214744 -0.0616617044 0.6458923735 0.6234586286
0.1150000000 0.7017734042 -0.0625616234 0.6351139284 0.6132711503
0.1200000000 0.6922070629 -0.0632658722 0.6249091809 0.6037177133
0.1250000000 0.6830250116 -0.0637883964 0.6152668195 0.5948014988
0.1300000000 0.6742308829 -0.0641411215 0.6061786042 0.5865019438
0.1350000000 0.6658462940 -0.0643362321 0.5976539074 0.5788151476
0.1400000000 0.6578321862 -0.0643835207 0.5896441909 0.5717344154
0.1450000000 0.6502155978 -0.0642922899 0.5821670768 0.5652499626
0.1500000000 0.6429809667 -0.0640707269 0.5751989679 0.5593566781
0.1550000000 0.6361316692 -0.0637266375 0.5687354634 0.5540401199
0.1600000000 0.6296569404 -0.0632664716 0.5627594586 0.5492900474
0.1650000000 0.6235744529 -0.0626967468 0.5572820371 0.5450985582
0.1700000000 0.6178432336 -0.0620225958 0.5522573886 0.5414690521
0.1750000000 0.6124859599 -0.0612488917 0.5477032032 0.5383976798
0.1800000000 0.6075199283 -0.0603801169 0.5436322131 0.5358780680
0.1850000000 0.6028967363 -0.0594204842 0.5399921401 0.5339083941
0.1900000000 0.5986238770 -0.0583729471 0.5367874947 0.5324854564
0.1950000000 0.5946981060 -0.0572406028 0.5340119762 0.5316093200
0.2000000000 0.5911481727 -0.0560260266 0.5316915905 0.5312865405
0.2050000000 0.5879445472 -0.0547318365 0.5297943961 0.5315173577
0.2100000000 0.5850861169 -0.0533597745 0.5283175566 0.5323060404
0.2150000000 0.5825702658 -0.0519116516 0.5272566733 0.5336463274
0.2200000000 0.5803946412 -0.0503886864 0.5266081980 0.5355316889
0.2250000000 0.5785696053 -0.0487921780 0.5263811356 0.5379720058
0.2300000000 0.5770437520 -0.0471228204 0.5265237199 0.5409644725
0.2350000000 0.5758620512 -0.0453813508 0.5270799002 0.5445057594
0.2400000000 0.5750569030 -0.0435682095 0.5280814312 0.5486051435
0.2450000000 0.5745736937 -0.0416838228 0.5294736259 0.5532679596
0.2500000000 0.5744120476 -0.0397281644 0.5312561371 0.5585040759
0.2550000000 0.5745565490 -0.0377012910 0.5334135919 0.5643194712
0.2600000000 0.5750570372 -0.0356029612 0.5359957493 0.5707241621
0.2650000000 0.5758903287 -0.0334329675 0.5389797811 0.5777308332
0.2700000000 0.5770572540 -0.0311908603 0.5423669590 0.5853451149
0.2750000000 0.5785589663 -0.0288762217 0.5461588440 0.5935668379
0.2800000000 0.5803867035 -0.0264884891 0.5503472894 0.6024207437
0.2850000000 0.5825520817 -0.0240271346 0.5549443611 0.6119078064
0.2900000000 0.5850699518 -0.0214914980 0.5599654707 0.6220261297
0.2950000000 0.5879475308 -0.0188809035 0.5654184608 0.6327964958
0.3000000000 0.5911590470 -0.0161947348 0.5712783368 0.6442260676
0.3050000000 0.5947108864 -0.0134324340 0.5775519985 0.6563201994
0.3100000000 0.5986041282 -0.0105935642 0.5842409518 0.6690909214
0.3150000000 0.6028890160 -0.0076776185 0.5913956224 0.6825545797
0.3200000000 0.6075082226 -0.0046843770 0.5989592686 0.6966996311
0.3250000000 0.6124832763 -0.0016137292 0.6069533909 0.7115368322
0.3300000000 0.6178490673 0.0015341052 0.6154124371 0.7270751435
0.3350000000 0.6235515541 0.0047588335 0.6242824218 0.7432994078
0.3400000000 0.6296613166 0.0080594987 0.6336325212 0.7602022423
0.3450000000 0.6361200319 0.0114351120 0.6434038040 0.7777765633
0.3500000000 0.6429823435 0.0148836982 0.6536486008 0.7959871041
0.3550000000 0.6502144198 0.0184031788 0.6643312318 0.8148130773
0.3600000000 0.6578251012 0.0219901945 0.6754571427 0.8341729536
0.3650000000 0.6658384781 0.0256411053 0.6870466532 0.8539860036
0.3700000000 0.6742381260 0.0293503693 0.6990779373 0.8741133488
0.3750000000 0.6830279317 0.0331121556 0.7115490637 0.8943581208
0.3800000000 0.6922041082 0.0369180121 0.7244478717 0.9143582869
0.3850000000 0.7017697817 0.0407589334 0.7377685195 0.9336396750
0.3900000000 0.7117198545 0.0446221144 0.7514932195 0.9510082603
0.3950000000 0.7220437610 0.0484941172 0.7655981219 0.9645272268
0.4000000000 0.7327514845 0.0523556176 0.7800739455 0.9703848345
0.4050000000 0.7438183742 0.0561857972 0.7948755128 0.9654713268
0.4100000000 0.7552287823 0.0599566704 0.8099594701 0.9525092502
0.4150000000 0.7669772277 0.0636374197 0.8252897515 0.9353682600
0.4200000000 0.7790317474 0.0671850382 0.8407918676 0.9161704579
0.4250000000 0.7913639313 0.0705538112 0.8563921691 0.8961673293
0.4300000000 0.8039409657 0.0736795608 0.8719942858 0.8758720102
0.4350000000 0.8167211048 0.0764904788 0.8874853919 0.8556699706
0.4400000000 0.8296419025 0.0788866888 0.9027042055 0.8357614590
0.4450000000 0.8426368492 0.0807599792 0.9174771255 0.8163073013
0.4500000000 0.8556204298 0.0819560866 0.9315659105 0.7973749728
0.4550000000 0.8684844146 0.0823032199 0.9446923349 0.7790386780
0.4600000000 0.8810964457 0.0815574117 0.9564824859 0.7613437774
0.4650000000 0.8932913612 0.0794507207 0.9665060369 0.7443138452
0.4700000000 0.9048680208 0.0756245026 0.9742067919 0.7279637071
0.4750000000 0.9155694466 0.0696873858 0.9789405579 0.7123176188
0.4800000000 0.9251007865 0.0612223236 0.9800000000 0.6973722714
0.4850000000 0.9331147981 0.0498349452 0.9766482591 0.6831223740
0.4900000000 0.9392227624 0.0355191087 0.9684930058 0.6695604222
0.4950000000 0.9430712407 0.0185022718 0.9554090668 0.6566910221
0.5000000000 0.9443866329 0.0000003864 0.9383327527 0.6444927319
0.5050000000 0.9430733375 -0.0185012500 0.9186448503 0.6329669372
0.5100000000 0.9392222737 -0.0355178143 0.8979110001 0.6221050391
0.5150000000 0.9331144011 -0.0498336299 0.8776182438 0.6118904730
0.5200000000 0.9251037554 -0.0612194083 0.8583461661 0.6023255805
0.5250000000 0.9155693101 -0.0696830360 0.8404634750 0.5934025500
0.5300000000 0.9048693106 -0.0756193696 0.8239337939 0.5851076586
0.5350000000 0.8932907778 -0.0794450269 0.8086283568 0.5774155033
0.5400000000 0.8810955545 -0.0815526693 0.7944171839 0.5703371562
0.5450000000 0.8684828380 -0.0823007160 0.7811420737 0.5638708280
0.5500000000 0.8556193962 -0.0819570187 0.7687025906 0.5579950630
0.5550000000 0.8426367567 -0.0807637762 0.7569887730 0.5527150955
0.5600000000 0.8296418896 -0.0788917374 0.7459372508 0.5480118806
0.5650000000 0.8167194613 -0.0764946269 0.7354794086 0.5438908646
0.5700000000 0.8039423008 -0.0736831271 0.7255776356 0.5403380422
0.5750000000 0.7913663081 -0.0705585227 0.7161868382 0.5373488537
0.5800000000 0.7790304306 -0.0671903106 0.7072766626 0.5349166921
0.5850000000 0.7669788279 -0.0636429119 0.6988269773 0.5330309285
0.5900000000 0.7552274510 -0.0599624387 0.6908078144 0.5317028045
0.5950000000 0.7438182676 -0.0561915262 0.6832185109 0.5309205001
0.6000000000 0.7327547206 -0.0523614838 0.6760313787 0.5306855426
0.6050000000 0.7220532879 -0.0485004915 0.6692347911 0.5310049965
0.6100000000 0.7117222486 -0.0446289662 0.6628166876 0.5318686897
0.6150000000 0.7017738636 -0.0407660103 0.6567702710 0.5332905940
0.6200000000 0.6922056324 -0.0369252672 0.6510795005 0.5352674590
0.6250000000 0.6830215156 -0.0331193920 0.6457357377 0.5377932915
0.6300000000 0.6742358484 -0.0293575061 0.6407441629 0.5408731633
0.6350000000 0.6658467604 -0.0256482619 0.6360943205 0.5444973035
0.6400000000 0.6578277713 -0.0219973918 0.6317542046 0.5486796569
0.6450000000 0.6502190778 -0.0184103678 0.6277583171 0.5534275433
0.6500000000 0.6429761771 -0.0148908473 0.6240588068 0.5587556087
0.6550000000 0.6361343828 -0.0114422089 0.6206874038 0.5646723261
0.6600000000 0.6296499757 -0.0080665482 0.6175985868 0.5711808470
0.6650000000 0.6235733911 -0.0047658009 0.6148405448 0.5782862480
0.6700000000 0.6178482771 -0.0015409924 0.6123562682 0.5859910338
0.6750000000 0.6124776492 0.0016068983 0.6101477805 0.5943035499
0.6800000000 0.6075167418 0.0046776306 0.6082697230 0.6032314170
0.6850000000 0.6028976042 0.0076709877 0.6066543650 0.6127869984
0.6900000000 0.5986289336 0.0105870844 0.6053104622 0.6229811425
0.6950000000 0.5947074843 0.0134260891 0.6042349569 0.6338157273
0.7000000000 0.5911362946 0.0161884445 0.6034313078 0.6453119518
0.7050000000 0.5879337684 0.0188746620 0.6029183092 0.6574607872
0.7100000000 0.5850764666 0.0214853722 0.6026732984 0.6702777846
0.7150000000 0.5825617736 0.0240211819 0.6026942797 0.6837753260
0.7200000000 0.5803873380 0.0264827066 0.6029795284 0.6979526470
0.7250000000 0.5785594356 0.0288706004 0.6035359298 0.7128088574
0.7300000000 0.5770308265 0.0311853772 0.6043170574 0.7283450127
0.7350000000 0.5758726629 0.0334276117 0.6053941786 0.7445746459
0.7400000000 0.5750618092 0.0355977744 0.6067447734 0.7614925143
0.7450000000 0.5745745328 0.0376963022 0.6083456953 0.7790758929
0.7500000000 0.5744104311 0.0397233767 0.6101967250 0.7972927814
0.7550000000 0.5745557902 0.0416792433 0.6122844802 0.8160959361
0.7600000000 0.5750566561 0.0435638437 0.6146546538 0.8354144840
0.7650000000 0.5758903170 0.0453771580 0.6172846598 0.8551741084
0.7700000000 0.5770576044 0.0471187874 0.6201749281 0.8752323415
0.7750000000 0.5785596722 0.0487883775 0.6233262532 0.8954059856
0.7800000000 0.5803880985 0.0503851610 0.6267295047 0.9153158182
0.7850000000 0.5825544960 0.0519084277 0.6303955152 0.9344707250
0.7900000000 0.5850672934 0.0533568991 0.6343313892 0.9516603282
0.7950000000 0.5879459053 0.0547292419 0.6385550919 0.9648577881
0.8000000000 0.5911587110 0.0560235984 0.6430333596 0.9702490671
0.8050000000 0.5947120786 0.0572382524 0.6477708145 0.9649223047
0.8100000000 0.5986016739 0.0583708835 0.6527608444 0.9517809719
0.8150000000 0.6028880605 0.0594188631 0.6580610131 0.9345943420
0.8200000000 0.6075089664 0.0603788800 0.6636061577 0.9153899798
0.8250000000 0.6124814713 0.0612480368 0.6694103698 0.8954059288
0.8300000000 0.6178491327 0.0620219778 0.6755125997 0.8751539539
0.8350000000 0.6235534422 0.0626966544 0.6818506915 0.8550211642
0.8400000000 0.6296613371 0.0632668902 0.6884860101 0.8351790128
0.8450000000 0.6361184659 0.0637274872 0.6953593878 0.8157792166
0.8500000000 0.6429828761 0.0640720230 0.7025221188 0.7968982946
0.8550000000 0.6502139060 0.0642937884 0.7099271357 0.7785990935
0.8600000000 0.6578237573 0.0643854063 0.7175792325 0.7609364860
0.8650000000 0.6658393848 0.0643386785 0.7254970452 0.7439336856
0.8700000000 0.6742385988 0.0641437764 0.7336487610 0.7276084558
0.8750000000 0.6830281238 0.0637909567 0.7420313804 0.7119775335
0.8800000000 0.6922041513 0.0632686096 0.7506295838 0.6970421006
0.8850000000 0.7017699983 0.0625647684 0.7594347772 0.6827951837
0.8900000000 0.7117202278 0.0616652122 0.7684274285 0.6692295562
0.8950000000 0.7220445267 0.0605556710 0.7775831123 0.6563406572
0.9000000000 0.7327509879 0.0592187393 0.7868925757 0.6441194508
0.9050000000 0.7438185197 0.0576361544 0.7963167167 0.6325654500
0.9100000000 0.7552282416 0.0557879266 0.8058169140 0.6216660867
0.9150000000 0.7669774137 0.0536526179 0.8153691450 0.6114042184
0.9200000000 0.7790315975 0.0512054120 0.8249145346 0.6017843541
0.9250000000 0.7913636647 0.0484217930 0.8344017697 0.5927996258
0.9300000000 0.8039412589 0.0452739568 0.8437710755 0.5844411343
0.9350000000 0.8167213157 0.0417323838 0.8529503333 0.5767019903
0.9400000000 0.8296418849 0.0377673735 0.8618484800 0.5695787677
0.9450000000 0.8426368239 0.0333503084 0.8703713629 0.5630606251
0.9500000000 0.8556207612 0.0284575479 0.8784106689 0.5571269979
0.9550000000 0.8684840709 0.0230679655 0.8858364837 0.5517779247
0.9600000000 0.8810956250 0.0171824967 0.8925194495 0.5470132161
0.9650000000 0.8932914265 0.0108160641 0.8983114475 0.5428219154
0.9700000000 0.9048666406 0.0040537949 0.9030935376 0.5391966666
0.9750000000 0.9155693157 -0.0029825184 0.9067363951 0.5361389592
0.9800000000 0.9251011140 -0.0099932880 0.9092412621 0.5336405436
0.9850000000 0.9331150276 -0.0165929060 0.9106464910 0.5317041314
0.9900000000 0.9392250725 -0.0221285204 0.9112172389 0.5303255855
0.9950000000 0.9430735463 -0.0258708325 0.9113227200 0.5295076819
1.0000000000 0.9443933759 -0.0272438225 0.9112699005 0.5292342211
