0.0000000000 0.4629092459 0.0642252521 0.5155356213 0.9652368071
0.0050000000 0.4629704617 0.0641661484 0.5155376869 0.9572405166
0.0100000000 0.4630894092 0.0639863964 0.5154782204 0.9385540515
0.0150000000 0.4632740438 0.0636869749 0.5153659592 0.9156577515
0.0200000000 0.4635769105 0.0632675096 0.5152519262 0.8911459461
0.0250000000 0.4639408769 0.0627293470 0.5150815630 0.8663239947
0.0300000000 0.4643831858 0.0620722905 0.5148715406 0.8416590173
0.0350000000 0.4649458384 0.0612979662 0.5146645265 0.8174615370
0.0400000000 0.4655737695 0.0604065278 0.5144068173 0.7938697043
0.0450000000 0.4662943159 0.0593996267 0.5141267634 0.7709791988
0.0500000000 0.4671493417 0.0582777522 0.5138657863 0.7488341913
0.0550000000 0.4680961048 0.0570429282 0.5135840639 0.7274588089
0.0600000000 0.4691369358 0.0556955842 0.5132842953 0.7068713274
0.0650000000 0.4703170205 0.0542377500 0.5130126573 0.6870799825
0.0700000000 0.4716311163 0.0526702050 0.5127647848 0.6680803122
0.0750000000 0.4730543328 0.0509949822 0.5125183236 0.6498584232
0.0800000000 0.4746099438 0.0492127514 0.5122966903 0.6324049295
0.0850000000 0.4763380628 0.0473255816 0.5121411391 0.6156971510
0.0900000000 0.4782286576 0.0453343004 0.5120426682 0.5997241297
0.0950000000 0.4802727801 0.0432408138 0.5119943904 0.5844772303
0.1000000000 0.4824772081 0.0410457941 0.5120035916 0.5699301389
0.1050000000 0.4848563839 0.0387509629 0.5120860803 0.5560730560
0.1100000000 0.4874521793 0.0363569788 0.5122834511 0.5428804846
0.1150000000 0.4902538342 0.0338653951 0.5125866995 0.5303208077
0.1200000000 0.4932716162 0.0312767109 0.5130063556 0.5183836791
0.1250000000 0.4965168931 0.0285921771 0.5135547604 0.5070518130
0.1300000000 0.5000014120 0.0258121466 0.5142437474 0.4963078423
0.1350000000 0.5037225505 0.0229375717 0.5150716835 0.4861362726
0.1400000000 0.5077201009 0.0199686494 0.5160776781 0.4765158374
0.1450000000 0.5120040661 0.0169060060 0.5172721264 0.4674335774
0.1500000000 0.5165751580 0.0137496833 0.5186557655 0.4588761741
0.1550000000 0.5214389062 0.0105000051 0.5202343200 0.4508332689
0.1600000000 0.5266143285 0.0071569182 0.5220263375 0.4432856582
0.1650000000 0.5321227923 0.0037204686 0.5240527598 0.4362173012
0.1700000000 0.5379991344 0.0001905245 0.5263475284 0.4296217413
0.1750000000 0.5442076081 -0.0034330938 0.5288755077 0.4234837965
0.1800000000 0.5508074456 -0.0071504321 0.5316945814 0.4177910053
0.1850000000 0.5577926298 -0.0109617919 0.5347985702 0.4125379701
0.1900000000 0.5651808615 -0.0148670026 0.5382049520 0.4077153863
0.1950000000 0.5729842031 -0.0188663030 0.5419252904 0.4033116513
0.2000000000 0.5812461700 -0.0229590438 0.5460027784 0.3993186935
0.2050000000 0.5899392233 -0.0271451479 0.5504105583 0.3957182265
0.2100000000 0.5991012751 -0.0314231515 0.5551871398 0.3925094594
0.2150000000 0.6087427315 -0.0357922623 0.5603434745 0.3896852877
0.2200000000 0.6188862726 -0.0402495678 0.5659045923 0.3872426444
0.2250000000 0.6295467492 -0.0447928667 0.5718871697 0.3851802527
0.2300000000 0.6407284500 -0.0494168978 0.5783005469 0.3834973634
0.2350000000 0.6524456060 -0.0541171291 0.5851630737 0.3821934959
0.2400000000 0.6646980358 -0.0588846337 0.5924833034 0.3812595321
0.2450000000 0.6775283970 -0.0637106940 0.6003114804 0.3806941662
0.2500000000 0.6909115735 -0.0685797267 0.6086382821 0.3804943542
0.2550000000 0.7048663327 -0.0734762561 0.6174971979 0.3806599126
0.2600000000 0.7193915373 -0.0783735621 0.6269132477 0.3811900967
0.2650000000 0.7344824345 -0.0832434283 0.6369093789 0.3820819750
0.2700000000 0.7501286809 -0.0880389200 0.6475213775 0.3833407324
0.2750000000 0.7663105201 -0.0927082440 0.6587805755 0.3849657457
0.2800000000 0.7829995651 -0.0971644678 0.6707442301 0.3869658498
0.2850000000 0.8001449064 -0.1013079747 0.6834599768 0.3893449763
0.2900000000 0.8176824731 -0.1049659245 0.6970341917 0.3920998989
0.2950000000 0.8355093268 -0.1079280784 0.7115718140 0.3952376153
0.3000000000 0.8534757678 -0.1098132604 0.7272992269 0.3987664485
0.3050000000 0.8713630902 -0.1101339837 0.7444792968 0.4026919034
0.3100000000 0.8888393996 -0.1079296715 0.7637268732 0.4070284424
0.3150000000 0.9053924270 -0.1018968005 0.7858157996 0.4117881457
0.3200000000 0.9202207142 -0.0895869569 0.8123567928 0.4169764262
0.3250000000 0.9320978905 -0.0677742887 0.8453053382 0.4225875990
0.3300000000 0.9393531848 -0.0350842438 0.8843717346 0.4286403447
0.3350000000 0.9404542694 0.0059020899 0.9255330767 0.4351469081
0.3400000000 0.9351184481 0.0447764419 0.9583336376 0.4421231929
0.3450000000 0.9245813358 0.0730648779 0.9756943676 0.4495910010
0.3500000000 0.9105773636 0.0914713536 0.9800000000 0.4575568910
0.3550000000 0.8944934608 0.1024515596 0.9750086031 0.4660323886
0.3600000000 0.8772541201 0.1084694171 0.9640340334 0.4750240532
0.3650000000 0.8594602710 0.1113543246 0.9494531427 0.4845562877
0.3700000000 0.8414915017 0.1120779672 0.9325874715 0.4946390027
0.3750000000 0.8235992693 0.1113815441 0.9144078341 0.5052911491
0.3800000000 0.8059538587 0.1096659454 0.8954728374 0.5165312223
0.3850000000 0.7886661157 0.1072535284 0.8762061526 0.5283713367
0.3900000000 0.7718198569 0.1043302574 0.8568716243 0.5408383283
0.3950000000 0.7554648320 0.1010544609 0.8376727524 0.5539463300
0.4000000000 0.7396389132 0.0975219833 0.8187403112 0.5677222134
0.4050000000 0.7243605530 0.0938175559 0.8001752140 0.5821919292
0.4100000000 0.7096487467 0.0899943173 0.7820480075 0.5973702064
0.4150000000 0.6954973166 0.0861009437 0.7644002552 0.6132811138
0.4200000000 0.6819307844 0.0821684525 0.7472862740 0.6299246462
0.4250000000 0.6689147986 0.0782265317 0.7307015029 0.6473302806
0.4300000000 0.6564640988 0.0742931884 0.7146779685 0.6655144698
0.4350000000 0.6445689825 0.0703870858 0.6992244338 0.6844864520
0.4400000000 0.6332152935 0.0665192181 0.6843378068 0.7042543665
0.4450000000 0.6223862661 0.0627012434 0.6700130920 0.7248301915
0.4500000000 0.6120828944 0.0589396320 0.6562575897 0.7462032867
0.4550000000 0.6022781077 0.0552419273 0.6430522023 0.7683795807
0.4600000000 0.5929333148 0.0516115311 0.6303625145 0.7913196872
0.4650000000 0.5840990510 0.0480532017 0.6182426034 0.8149902780
0.4700000000 0.5756836175 0.0445687826 0.6066045909 0.8392939529
0.4750000000 0.5677508617 0.0411611621 0.5955137442 0.8640907374
0.4800000000 0.5602158223 0.0378310825 0.5848876973 0.8890769378
0.4850000000 0.5530810576 0.0345801590 0.5747305319 0.9138185431
0.4900000000 0.5463825523 0.0314084399 0.5650774883 0.9370873141
0.4950000000 0.5400404743 0.0283168868 0.5558514315 0.9564869941
0.5000000000 0.5340571275 0.0253050506 0.5470541753 0.9655104385
0.5050000000 0.5284185038 0.0223733215 0.5386724014 0.9583156148
0.5100000000 0.5231108160 0.0195210789 0.5306920191 0.9398992424
0.5150000000 0.5181469591 0.0167483841 0.5231256997 0.9170178110
0.5200000000 0.5134892450 0.0140545453 0.5159359078 0.8924256064
0.5250000000 0.5091248665 0.0114394058 0.5091099645 0.8675046491
0.5300000000 0.5050406136 0.0089022737 0.5026342741 0.8427193817
0.5350000000 0.5012236088 0.0064428617 0.4964959613 0.8184018274
0.5400000000 0.4977060472 0.0040605365 0.4907258935 0.7946900631
0.5450000000 0.4943523622 0.0017549379 0.4851911347 0.7716869072
0.5500000000 0.4912624038 -0.0004744906 0.4799887937 0.7494427241
0.5550000000 0.4884162769 -0.0026281539 0.4750990170 0.7279890450
0.5600000000 0.4857234788 -0.0047065219 0.4704328339 0.7073329205
0.5650000000 0.4832663233 -0.0067100455 0.4660703059 0.6874723231
0.5700000000 0.4810074334 -0.0086390856 0.4619745257 0.6684148631
0.5750000000 0.4788784240 -0.0104941353 0.4580781304 0.6501362752
0.5800000000 0.4769527681 -0.0122755089 0.4544526690 0.6326215023
0.5850000000 0.4751974666 -0.0139836892 0.4510653964 0.6158576959
0.5900000000 0.4735639311 -0.0156189556 0.4478685201 0.5998285748
0.5950000000 0.4720718534 -0.0171819208 0.4448806992 0.5845127010
0.6000000000 0.4707498920 -0.0186727809 0.4421297700 0.5698985224
0.6050000000 0.4695299242 -0.0200921674 0.4395484911 0.5559696327
0.6100000000 0.4684101102 -0.0214404003 0.4371347502 0.5427111248
0.6150000000 0.4674539663 -0.0227181948 0.4349499666 0.5300972776
0.6200000000 0.4665835646 -0.0239258127 0.4329176710 0.5181135244
0.6250000000 0.4657957299 -0.0250642043 0.4310338286 0.5067513219
0.6300000000 0.4651404445 -0.0261337027 0.4293469965 0.4959734288
0.6350000000 0.4645700743 -0.0271352868 0.4278096308 0.4857755450
0.6400000000 0.4640716187 -0.0280694701 0.4264085151 0.4761380089
0.6450000000 0.4636816305 -0.0289374345 0.4251782421 0.4670411324
0.6500000000 0.4633775170 -0.0297397350 0.4240961732 0.4584723320
0.6550000000 0.4631386983 -0.0304777483 0.4231408351 0.4504184160
0.6600000000 0.4629917743 -0.0311521869 0.4223375455 0.4428594185
0.6650000000 0.4629350193 -0.0317645734 0.4216831276 0.4357842127
0.6700000000 0.4629410954 -0.0323157680 0.4211500036 0.4291720879
0.6750000000 0.4630286268 -0.0328074747 0.4207547216 0.4230142468
0.6800000000 0.4632155250 -0.0332406919 0.4205138226 0.4173071198
0.6850000000 0.4634663486 -0.0336173040 0.4203908019 0.4120295103
0.6900000000 0.4637918190 -0.0339384023 0.4203950778 0.4071817405
0.6950000000 0.4642338261 -0.0342060335 0.4205656167 0.4027449705
0.7000000000 0.4647494661 -0.0344214547 0.4208592296 0.3987195871
0.7050000000 0.4653398002 -0.0345867630 0.4212749033 0.3950983774
0.7100000000 0.4660522672 -0.0347033065 0.4218577144 0.3918785695
0.7150000000 0.4668630169 -0.0347733853 0.4225820878 0.3890505285
0.7200000000 0.4677601720 -0.0347983465 0.4234350902 0.3866052756
0.7250000000 0.4687744065 -0.0347804670 0.4244444940 0.3845414794
0.7300000000 0.4699262115 -0.0347212296 0.4256288891 0.3828546940
0.7350000000 0.4711776545 -0.0346229760 0.4269488874 0.3815444563
0.7400000000 0.4725456781 -0.0344870670 0.4284197281 0.3806141760
0.7450000000 0.4740972316 -0.0343158783 0.4301045636 0.3800559217
0.7500000000 0.4757674929 -0.0341108273 0.4319386122 0.3798613783
0.7550000000 0.4775574688 -0.0338740955 0.4339207250 0.3800345295
0.7600000000 0.4795476035 -0.0336070279 0.4361282606 0.3805659763
0.7650000000 0.4817137473 -0.0333118672 0.4385354074 0.3814685452
0.7700000000 0.4840586139 -0.0329898269 0.4411436327 0.3827471849
0.7750000000 0.4865917090 -0.0326429601 0.4439602250 0.3844016655
0.7800000000 0.4893228957 -0.0322723506 0.4469937704 0.3864339655
0.7850000000 0.4922551983 -0.0318798945 0.4502453723 0.3888469669
0.7900000000 0.4954225454 -0.0314665207 0.4537473043 0.3916375177
0.7950000000 0.4988248111 -0.0310339480 0.4574977622 0.3948172560
0.8000000000 0.5024739497 -0.0305829126 0.4615077177 0.3983858632
0.8050000000 0.5063822776 -0.0301149086 0.4657877543 0.4023524614
0.8100000000 0.5105524977 -0.0296304633 0.4703400001 0.4067320744
0.8150000000 0.5150072726 -0.0291308336 0.4751853897 0.4115254686
0.8200000000 0.5197654828 -0.0286162994 0.4803421146 0.4167508882
0.8250000000 0.5248570016 -0.0280878155 0.4858384568 0.4224109776
0.8300000000 0.5302600749 -0.0275453918 0.4916531312 0.4285138848
0.8350000000 0.5359897403 -0.0269897357 0.4978001528 0.4350889812
0.8400000000 0.5420987398 -0.0264205397 0.5043314037 0.4421327146
0.8450000000 0.5485719809 -0.0258381092 0.5112318248 0.4496599481
0.8500000000 0.5554121709 -0.0252418675 0.5185046280 0.4576874922
0.8550000000 0.5626757184 -0.0246317657 0.5262050283 0.4662209262
0.8600000000 0.5703423019 -0.0240067860 0.5343141470 0.4752766961
0.8650000000 0.5784359042 -0.0233665018 0.5428558563 0.4848665185
0.8700000000 0.5869925757 -0.0227094326 0.5518668611 0.4950161780
0.8750000000 0.5960021085 -0.0220345851 0.5613381498 0.5057399085
0.8800000000 0.6054819881 -0.0213400348 0.5712887052 0.5170510491
0.8850000000 0.6154581010 -0.0206242301 0.5817453617 0.5289627825
0.8900000000 0.6259383894 -0.0198845431 0.5927184569 0.5414995067
0.8950000000 0.6369462339 -0.0191186550 0.6042331245 0.5546823759
0.9000000000 0.6484812544 -0.0183231059 0.6162923768 0.5685283689
0.9050000000 0.6605523230 -0.0174947305 0.6289079861 0.5830606876
0.9100000000 0.6731937126 -0.0166289150 0.6421179835 0.5982930845
0.9150000000 0.6863878256 -0.0157211158 0.6559096023 0.6142343118
0.9200000000 0.7001484430 -0.0147653158 0.6703022051 0.6309211655
0.9250000000 0.7144859368 -0.0137552128 0.6853120989 0.6483719610
0.9300000000 0.7293900392 -0.0126824283 0.7009374361 0.6665926716
0.9350000000 0.7448485839 -0.0115381678 0.7171749192 0.6856135163
0.9400000000 0.7608580364 -0.0103106440 0.7340326193 0.7054407801
0.9450000000 0.7773808932 -0.0089869228 0.7514865077 0.7260789649
0.9500000000 0.7943836868 -0.0075498325 0.7695206470 0.7475227777
0.9550000000 0.8117997385 -0.0059799597 0.7880888122 0.7697590456
0.9600000000 0.8295433441 -0.0042516078 0.8071323157 0.7927609743
0.9650000000 0.8474829312 -0.0023350873 0.8265515168 0.8164801670
0.9700000000 0.8654268518 -0.0001936889 0.8461948857 0.8408155448
0.9750000000 0.8830862930 0.0022140120 0.8658204777 0.8656411260
0.9800000000 0.9000202234 0.0049117602 0.8850201879 0.8906396218
0.9850000000 0.9155358629 0.0079001492 0.9031170604 0.9153729122
0.9900000000 0.9285614793 0.0109370929 0.9188261858 0.9385460515
0.9950000000 0.9375584637 0.0134992584 0.9301309923 0.9575832057
1.0000000000 0.9408287590 0.0146006559 0.9344064920 0.9657641245
