1.9600931156 0.0000000000 -1
1.9600777967 0.0000000000 -1
1.9600689873 0.0000000006 -1
1.9600426170 0.0000000065 -1
1.9599999736 0.0000000284 -1
1.9599431916 0.0000000828 -1
1.9598752663 0.0000001857 -1
1.9598000566 0.0000003558 -1
1.9597222892 0.0000006009 -1
1.9596475618 0.0000009135 -1
1.9595823465 0.0000012540 -1
1.9595339915 0.0000015763 -1
1.9595107203 0.0000017559 -1
1.9595098548 0.0000017780 -1
1.9595216281 0.0000016725 -1
1.9595766732 0.0000010935 -1
1.9596866633 -0.0000002417 -1
1.9598632326 -0.0000027010 -1
1.9601188112 -0.0000067376 -1
1.9604665820 -0.0000128855 -1
1.9609204258 -0.0000217624 -1
1.9614948505 -0.0000341138 -1
1.9622049056 -0.0000508068 -1
1.9630660792 -0.0000727434 -1
1.9640941782 -0.0001009709 -1
1.9653051935 -0.0001366238 -1
1.9667151503 -0.0001808975 -1
1.9683399485 -0.0002350351 -1
1.9701951970 -0.0003003202 -1
1.9722960487 -0.0003780299 -1
1.9746570414 -0.0004694647 -1
1.9772919547 -0.0005758849 -1
1.9802136878 -0.0006983799 -1
1.9834341680 -0.0008381152 -1
1.9869642939 -0.0009959149 -1
1.9908139204 -0.0011727989 -1
1.9949918865 -0.0013693164 -1
1.9995060865 -0.0015860259 -1
2.0043635870 -0.0018231027 -1
2.0095707824 -0.0020807980 -1
2.0151335916 -0.0023592557 -1
2.0210576842 -0.0026583560 -1
2.0273487430 -0.0029774649 -1
2.0340127510 -0.0033164521 -1
2.0410563106 -0.0036744846 -1
2.0484869918 -0.0040510704 -1
2.0563137176 -0.0044453581 1
2.0645471954 -0.0048565014 1
2.0732004096 -0.0052835153 1
2.0822891962 -0.0057261674 1
2.0918329306 -0.0061826286 1
2.1018553678 -0.0066519103 1
2.1123857078 -0.0071332635 1
2.1234599664 -0.0076256305 1
2.1351227852 -0.0081280010 1
2.1474298866 -0.0086392314 1
2.1604514892 -0.0091579495 1
2.1742771986 -0.0096830327 1
2.1890232038 -0.0102136989 1
2.2048432386 -0.0107486367 1
2.2219460454 -0.0112860250 1
2.2406243984 -0.0118232988 1
2.2613060290 -0.0123593341 1
2.2846480348 -0.0128899776 1
2.3117190908 -0.0134069022 1
2.3443197858 -0.0138917523 1
2.3849483884 -0.0142915754 1
2.4321000160 -0.0144822292 1
2.4753450068 -0.0144134686 1
2.5108286958 -0.0141926535 1
2.5406480478 -0.0138998351 1
2.5666736726 -0.0135692141 1
2.5900425392 -0.0132157794 1
2.6114543910 -0.0128481589 1
2.6313642210 -0.0124709702 1
2.6500837456 -0.0120871913 1
2.6678360682 -0.0116994363 1
2.6847866904 -0.0113090425 1
2.7010620448 -0.0109168906 1
2.7167610926 -0.0105240714 1
2.7319628722 -0.0101313820 1
2.7467315888 -0.0097393460 1
2.7611201466 -0.0093486232 1
2.7751726582 -0.0089597687 1
2.7889262606 -0.0085734748 1
2.8024124650 -0.0081899881 1
2.8156581648 -0.0078096290 1
2.8286863998 -0.0074330396 1
2.8415169534 -0.0070605821 1
2.8541667964 -0.0066925685 1
2.8666504388 -0.0063298466 1
2.8789801962 -0.0059725472 1
2.8911663986 -0.0056212886 1
2.9032175444 -0.0052764437 1
2.9151404130 -0.0049386523 1
2.9269401468 -0.0046083929 1
2.9386203028 -0.0042862695 1
2.9501828850 -0.0039727710 1
2.9616283542 -0.0036684052 1
2.9729556258 -0.0033738030 1
2.9841620558 -0.0030895144 1
2.9952434186 -0.0028160896 1
3.0061938830 -0.0025541253 1
3.0170059864 -0.0023040706 1
3.0276706158 -0.0020664848 1
3.0381769956 -0.0018417843 1
3.0485126914 -0.0016304203 1
3.0586636310 -0.0014326885 1
3.0686141506 -0.0012488944 1
3.0783470706 -0.0010792218 -1
3.0878438042 -0.0009237251 -1
3.0970845020 -0.0007824289 -1
3.1060482378 -0.0006551969 -1
3.1147132302 -0.0005417284 -1
3.1230571024 -0.0004416869 -1
3.1310571722 -0.0003545296 -1
3.1386907644 -0.0002796237 -1
3.1459355360 -0.0002162175 -1
3.1527697982 -0.0001634663 -1
3.1591728250 -0.0001204123 -1
3.1651251294 -0.0000860482 -1
3.1706086984 -0.0000593237 -1
3.1756071722 -0.0000391745 -1
3.1801059656 -0.0000245301 -1
3.1840923280 -0.0000143587 -1
3.1875553448 -0.0000076976 -1
3.1904858906 -0.0000036564 -1
3.1928765448 -0.0000014553 -1
3.1947214854 -0.0000004365 -1
3.1960163746 -0.0000000766 -1
3.1967582554 -0.0000000032 -1
3.1969528186 0.0000000000 -1
3.1969454668 0.0000000000 -1
3.1965775940 -0.0000000121 -1
3.1956554542 -0.0000001473 -1
3.1941811226 -0.0000006733 -1
3.1921579954 -0.0000020129 -1
3.1895908812 -0.0000047343 -1
3.1864861100 -0.0000095377 -1
3.1828516466 -0.0000172393 -1
3.1786971910 -0.0000287547 -1
3.1740342524 -0.0000450793 -1
3.1688761814 -0.0000672479 -1
3.1632381504 -0.0000963393 -1
3.1571370734 -0.0001334195 -1
3.1505914664 -0.0001795265 -1
3.1436212472 -0.0002356538 -1
3.1362474876 -0.0003027078 -1
3.1284921240 -0.0003815137 -1
3.1203776434 -0.0004728060 -1
3.1119267588 -0.0005771754 -1
3.1031620860 -0.0006950850 -1
3.0941058388 -0.0008268739 -1
3.0847795468 -0.0009727732 -1
3.0752038084 -0.0011328810 -1
3.0653980804 -0.0013071804 1
3.0553805056 -0.0014955309 1
3.0451677804 -0.0016977313 1
3.0347750572 -0.0019134692 1
3.0242158786 -0.0021424182 1
3.0135021410 -0.0023841381 1
3.0026440780 -0.0026381082 1
2.9916502638 -0.0029038823 1
2.9805276268 -0.0031808994 1
2.9692814730 -0.0034686064 1
2.9579155106 -0.0037664404 1
2.9464318740 -0.0040738268 1
2.9348311440 -0.0043902147 1
2.9231123574 -0.0047150550 1
2.9112730068 -0.0050478788 1
2.8993090238 -0.0053880318 1
2.8872147390 -0.0057349892 1
2.8749828254 -0.0060882998 1
2.8626042014 -0.0064475016 1
2.8500679110 -0.0068120544 1
2.8373609488 -0.0071814720 1
2.8244680372 -0.0075553760 1
2.8113713336 -0.0079332147 1
2.7980500496 -0.0083146712 1
2.7844799628 -0.0086993000 1
2.7706327694 -0.0090864076 1
2.7564752518 -0.0094759675 1
2.7419681706 -0.0098669013 1
2.7270647812 -0.0102593130 1
2.7117088168 -0.0106520555 1
2.6958316912 -0.0110446430 1
2.6793485360 -0.0114364583 1
2.6621524334 -0.0118263436 1
2.6441057658 -0.0122128312 1
2.6250267776 -0.0125946690 1
2.6046677666 -0.0129691245 1
2.5826780054 -0.0133326445 1
2.5585372610 -0.0136798846 1
2.5314306264 -0.0140003763 1
2.5000155898 -0.0142750065 1
2.4621641702 -0.0144582653 1
2.4166298868 -0.0144511621 1
2.3707302640 -0.0141770424 1
2.3329498942 -0.0137398017 1
2.3024066276 -0.0132410765 1
2.2767036722 -0.0127185290 1
2.2543199246 -0.0121861538 1
2.2343487746 -0.0116488966 1
2.2162223154 -0.0111110038 1
2.1995643782 -0.0105742832 1
2.1841137584 -0.0100408441 1
2.1696820976 -0.0095117532 1
2.1561294120 -0.0089886489 1
2.1433491596 -0.0084721245 1
2.1312587030 -0.0079639248 1
2.1197929876 -0.0074646059 1
2.1089002198 -0.0069756549 1
2.0985387976 -0.0064980661 1
2.0886750998 -0.0060325724 1
2.0792818318 -0.0055806747 1
2.0703367666 -0.0051431757 1
2.0618217664 -0.0047209259 1
2.0537219928 -0.0043153089 -1
2.0460252616 -0.0039267035 -1
2.0387214960 -0.0035558805 -1
2.0318022586 -0.0032039236 -1
2.0252603354 -0.0028714624 -1
2.0190893620 -0.0025588059 -1
2.0132834862 -0.0022665277 -1
2.0078370604 -0.0019947783 -1
2.0027443606 -0.0017437714 -1
1.9979993370 -0.0015132489 -1
1.9935953957 -0.0013031500 -1
1.9895252160 -0.0011131096 -1
1.9857806068 -0.0009425029 -1
1.9823524042 -0.0007906641 -1
1.9792304146 -0.0006566533 -1
1.9764034005 -0.0005395261 -1
1.9738591104 -0.0004381387 -1
1.9715843468 -0.0003512909 -1
1.9695650688 -0.0002777762 -1
1.9677865216 -0.0002162430 -1
1.9662333862 -0.0001654668 -1
1.9648899405 -0.0001241479 -1
1.9637402258 -0.0000910239 -1
1.9627682111 -0.0000649649 -1
1.9619579496 -0.0000448296 -1
1.9612937239 -0.0000296571 -1
1.9607601765 -0.0000185179 -1
1.9603424237 -0.0000106140 -1
1.9600261530 -0.0000052202 -1
1.9597977039 -0.0000017595 -1
1.9596441331 0.0000002996 -1
1.9595532654 0.0000013559 -1
1.9595137327 0.0000017507 -1
1.9595098541 0.0000017764 -1
1.9595150019 0.0000017320 -1
1.9595473943 0.0000014733 -1
1.9596020977 0.0000011428 -1
1.9596711733 0.0000008012 -1
1.9597475583 0.0000005138 -1
1.9598250654 0.0000002929 -1
1.9598983807 0.0000001456 -1
1.9599630604 0.0000000603 -1
1.9600155272 0.0000000187 -1
1.9600530663 0.0000000036 -1
1.9600738227 0.0000000002 -1
1.9600777975 0.0000000000 -1
1.9600778086 0.0000000000 -1
1.9600777908 0.0000000000 -1
1.9600767989 0.0000000001 -1
1.9600618532 0.0000000017 -1
1.9600297002 0.0000000115 -1
1.9599819112 0.0000000422 -1
1.9599209162 0.0000001115 -1
1.9598500071 0.0000002357 -1
1.9597733408 0.0000004311 -1
1.9596959431 0.0000007012 -1
1.9596237120 0.0000010248 -1
1.9595634208 0.0000013698 -1
1.9595227189 0.0000016570 -1
1.9595098535 0.0000017786 -1
1.9595101299 0.0000017720 -1
1.9595350473 0.0000015399 -1
1.9596077234 0.0000007417 -1
1.9597392528 -0.0000009342 -1
1.9599415476 -0.0000038964 -1
1.9602273020 -0.0000085867 -1
1.9606099461 -0.0000155958 -1
1.9611035847 -0.0000255844 -1
1.9617229227 -0.0000393157 -1
1.9624831727 -0.0000576922 -1
1.9633999469 -0.0000816681 -1
1.9644891314 -0.0001123468 -1
1.9657667463 -0.0001508287 -1
1.9672487922 -0.0001983298 -1
1.9689510877 -0.0002561772 -1
1.9708891035 -0.0003255652 -1
1.9730777981 -0.0004078783 -1
1.9755314641 -0.0005043021 -1
1.9782635905 -0.0006160962 -1
1.9812867511 -0.0007444491 -1
1.9846125239 -0.0008902710 -1
1.9882514483 -0.0010545938 -1
1.9922130244 -0.0012381203 -1
1.9965057559 -0.0014415522 -1
2.0011372376 -0.0016652345 -1
2.0061142852 -0.0019094124 -1
