0.0000000000 0.9793719992
0.0050000000 0.9680957455
0.0100000000 0.9457382262
0.0150000000 0.9204942068
0.0200000000 0.8945390632
0.0250000000 0.8686497308
0.0300000000 0.8431861899
0.0350000000 0.8183354807
0.0400000000 0.7941960049
0.0450000000 0.7708404747
0.0500000000 0.7482717754
0.0550000000 0.7265541731
0.0600000000 0.7056477688
0.0650000000 0.6855688168
0.0700000000 0.6663008957
0.0750000000 0.6478342709
0.0800000000 0.6301153073
0.0850000000 0.6132227178
0.0900000000 0.5970612656
0.0950000000 0.5815961872
0.1000000000 0.5668298601
0.1050000000 0.5527812144
0.1100000000 0.5393994017
0.1150000000 0.5266672374
0.1200000000 0.5145658838
0.1250000000 0.5030815973
0.1300000000 0.4922252735
0.1350000000 0.4819384757
0.1400000000 0.4721695280
0.1450000000 0.4629067070
0.1500000000 0.4542372394
0.1550000000 0.4460872310
0.1600000000 0.4385013858
0.1650000000 0.4312560590
0.1700000000 0.4246219398
0.1750000000 0.4182832690
0.1800000000 0.4125623274
0.1850000000 0.4072133778
0.1900000000 0.4022957681
0.1950000000 0.3978392035
0.2000000000 0.3937499050
0.2050000000 0.3901995669
0.2100000000 0.3868688702
0.2150000000 0.3840704512
0.2200000000 0.3815507544
0.2250000000 0.3794980106
0.2300000000 0.3777698364
0.2350000000 0.3764492353
0.2400000000 0.3755292839
0.2450000000 0.3749016570
0.2500000000 0.3748000355
0.2550000000 0.3749126054
0.2600000000 0.3754698968
0.2650000000 0.3763923696
0.2700000000 0.3777310539
0.2750000000 0.3794416608
0.2800000000 0.3815045569
0.2850000000 0.3840031206
0.2900000000 0.3868038431
0.2950000000 0.3901088412
0.3000000000 0.3937073170
0.3050000000 0.3977706832
0.3100000000 0.4022543760
0.3150000000 0.4071882997
0.3200000000 0.4124974218
0.3250000000 0.4182989131
0.3300000000 0.4245469238
0.3350000000 0.4312277719
0.3400000000 0.4384028235
0.3450000000 0.4460581687
0.3500000000 0.4542171968
0.3550000000 0.4629161420
0.3600000000 0.4721323366
0.3650000000 0.4818790863
0.3700000000 0.4921926969
0.3750000000 0.5030806418
0.3800000000 0.5145658256
0.3850000000 0.5266662734
0.3900000000 0.5394068092
0.3950000000 0.5528005936
0.4000000000 0.5668347164
0.4050000000 0.5815809095
0.4100000000 0.5970200512
0.4150000000 0.6132158225
0.4200000000 0.6301194648
0.4250000000 0.6478092108
0.4300000000 0.6662850764
0.4350000000 0.6855508830
0.4400000000 0.7056442691
0.4450000000 0.7265475937
0.4500000000 0.7482826937
0.4550000000 0.7708337921
0.4600000000 0.7941897161
0.4650000000 0.8183284978
0.4700000000 0.8431853809
0.4750000000 0.8686489384
0.4800000000 0.8945388452
0.4850000000 0.9204940625
0.4900000000 0.9457390699
0.4950000000 0.9680963912
0.5000000000 0.9793688300
0.5050000000 0.9680964592
0.5100000000 0.9457377926
0.5150000000 0.9204940325
0.5200000000 0.8945390243
0.5250000000 0.8686500141
0.5300000000 0.8431862993
0.5350000000 0.8183345802
0.5400000000 0.7941966084
0.5450000000 0.7708385987
0.5500000000 0.7482759099
0.5550000000 0.7265466856
0.5600000000 0.7056395412
0.5650000000 0.6855565117
0.5700000000 0.6663085956
0.5750000000 0.6478262300
0.5800000000 0.6301311608
0.5850000000 0.6132053192
0.5900000000 0.5970580772
0.5950000000 0.5816078746
0.6000000000 0.5668372554
0.6050000000 0.5527919781
0.6100000000 0.5394082233
0.6150000000 0.5266742281
0.6200000000 0.5145711523
0.6250000000 0.5030806264
0.6300000000 0.4922541178
0.6350000000 0.4819458564
0.6400000000 0.4721549558
0.6450000000 0.4628869478
0.6500000000 0.4542463147
0.6550000000 0.4461108336
0.6600000000 0.4384836605
0.6650000000 0.4312516757
0.6700000000 0.4246288534
0.6750000000 0.4182815168
0.6800000000 0.4125913384
0.6850000000 0.4071933354
0.6900000000 0.4022912522
0.6950000000 0.3978405294
0.7000000000 0.3937365690
0.7050000000 0.3902288096
0.7100000000 0.3868584048
0.7150000000 0.3840780800
0.7200000000 0.3816045557
0.7250000000 0.3794656605
0.7300000000 0.3778656600
0.7350000000 0.3763588023
0.7400000000 0.3756171727
0.7450000000 0.3748755431
0.7500000000 0.3748439108
0.7550000000 0.3749536490
0.7600000000 0.3754868316
0.7650000000 0.3763701973
0.7700000000 0.3777594291
0.7750000000 0.3794024139
0.7800000000 0.3815236700
0.7850000000 0.3839708364
0.7900000000 0.3868055141
0.7950000000 0.3901217048
0.8000000000 0.3936968507
0.8050000000 0.3977790807
0.8100000000 0.4022850245
0.8150000000 0.4071621387
0.8200000000 0.4124776446
0.8250000000 0.4183146836
0.8300000000 0.4245672102
0.8350000000 0.4312119983
0.8400000000 0.4383783093
0.8450000000 0.4460377083
0.8500000000 0.4542098549
0.8550000000 0.4629160520
0.8600000000 0.4721464871
0.8650000000 0.4818807236
0.8700000000 0.4921900786
0.8750000000 0.5030726888
0.8800000000 0.5145455147
0.8850000000 0.5266514153
0.8900000000 0.5394192483
0.8950000000 0.5528009348
0.9000000000 0.5668154391
0.9050000000 0.5815877732
0.9100000000 0.5970108347
0.9150000000 0.6132199636
0.9200000000 0.6301213542
0.9250000000 0.6478047658
0.9300000000 0.6662774211
0.9350000000 0.6855497241
0.9400000000 0.7056479875
0.9450000000 0.7265445803
0.9500000000 0.7482819123
0.9550000000 0.7708324479
0.9600000000 0.7941908865
0.9650000000 0.8183290691
0.9700000000 0.8431846765
0.9750000000 0.8686493351
0.9800000000 0.8945388825
0.9850000000 0.9204942533
0.9900000000 0.9457385461
0.9950000000 0.9680970916
1.0000000000 0.9793719992
