1.5916812130 0.0000000000 -1
1.5916559783 0.0000000000 -1
1.5913995361 0.0000000121 -1
1.5906258586 0.0000001932 -1
1.5893532799 0.0000009679 -1
1.5876103492 0.0000030068 -1
1.5854344128 0.0000071720 -1
1.5828694938 0.0000144539 -1
1.5799641725 0.0000258958 -1
1.5767696921 0.0000425320 -1
1.5733384219 0.0000653237 -1
1.5697227255 0.0000950916 -1
1.5659742153 0.0001324626 -1
1.5621433372 0.0001778376 -1
1.5582792124 0.0002313329 -1
1.5544296635 0.0002927781 -1
1.5506413593 0.0003615995 -1
1.5469600231 0.0004369135 -1
1.5434306602 0.0005174315 -1
1.5400977702 0.0006014983 -1
1.5370055182 0.0006869839 -1
1.5341978441 0.0007714068 -1
1.5317184989 0.0008519159 -1
1.5296110018 0.0009253028 -1
1.5279185234 0.0009881541 -1
1.5266837065 0.0010367386 -1
1.5259484536 0.0010671546 -1
1.5257468909 0.0010758200 1
1.5257537184 0.0010755086 1
1.5261393543 0.0010580605 1
1.5271440846 0.0010112350 1
1.5288056650 0.0009315376 1
1.5311613214 0.0008160459 1
1.5342485471 0.0006622481 1
1.5381063590 0.0004678864 1
1.5427771369 0.0002312551 1
1.5483092206 -0.0000484183 1
1.5547605448 -0.0003719824 1
1.5622037832 -0.0007398310 1
1.5707338357 -0.0011517984 1
1.5804791921 -0.0016079572 1
1.5916201201 -0.0021082693 1
1.6044196988 -0.0026522983 1
1.6192809385 -0.0032408454 1
1.6368619047 -0.0038749372 1
1.6583332645 -0.0045552115 1
1.6859980391 -0.0052790583 1
1.7240828242 -0.0059988315 1
1.7701023899 -0.0064611165 1
1.8088612522 -0.0065326074 1
1.8397720247 -0.0064024902 1
1.8659661313 -0.0061765145 1
1.8891608846 -0.0058972760 1
1.9102823970 -0.0055863347 1
1.9298770289 -0.0052556825 1
1.9482923339 -0.0049132477 1
1.9657619548 -0.0045644329 1
1.9824491367 -0.0042139275 1
1.9984707746 -0.0038647782 -1
2.0139115290 -0.0035203990 -1
2.0288325086 -0.0031831921 -1
2.0432768050 -0.0028554892 -1
2.0572731072 -0.0025395083 -1
2.0708381002 -0.0022372366 -1
2.0839780586 -0.0019505069 -1
2.0966898954 -0.0016808272 -1
2.1089618276 -0.0014297684 -1
2.1207737728 -0.0011984754 -1
2.1320975486 -0.0009878785 -1
2.1428969456 -0.0007986738 -1
2.1531277354 -0.0006312743 -1
2.1627377078 -0.0004856164 -1
2.1716668884 -0.0003613849 -1
2.1798481842 -0.0002578374 -1
2.1872088630 -0.0001738736 -1
2.1936734270 -0.0001080225 -1
2.1991685072 -0.0000585067 -1
2.2036301620 -0.0000232421 -1
2.2070131988 0.0000000081 -1
2.2093009394 0.0000135661 -1
2.2105129428 0.0000197192 -1
2.2107514938 0.0000207713 -1
2.2107086234 0.0000206037 -1
2.2099867508 0.0000181301 -1
2.2084832824 0.0000139281 -1
2.2063711374 0.0000093087 -1
2.2038645326 0.0000052437 -1
2.2012272760 0.0000023213 -1
2.1987780110 0.0000006948 -1
2.1968748912 0.0000000950 -1
2.1958548538 0.0000000009 -1
2.1957469340 0.0000000000 -1
2.1957467700 0.0000000000 -1
2.1957470598 0.0000000000 -1
2.1959254150 0.0000000024 -1
2.1970715350 0.0000001312 -1
2.1990630582 0.0000008335 -1
2.2015551246 0.0000026158 -1
2.2041923558 0.0000056992 -1
2.2066628110 0.0000098742 -1
2.2087093780 0.0000145019 -1
2.2101234312 0.0000185663 -1
2.2107368240 0.0000207139 -1
2.2107514868 0.0000207731 -1
2.2104181816 0.0000192780 -1
2.2090735564 0.0000123172 -1
2.2066485802 -0.0000023307 -1
2.2031285376 -0.0000269623 -1
2.1985341780 -0.0000638975 -1
2.1929135966 -0.0001153628 -1
2.1863323986 -0.0001833850 -1
2.1788645704 -0.0002697346 -1
2.1705854846 -0.0003758129 -1
2.1615672882 -0.0005027177 -1
2.1518762392 -0.0006510908 -1
2.1415713616 -0.0008212577 -1
2.1307038690 -0.0010131228 -1
2.1193169836 -0.0012263975 -1
2.1074459084 -0.0014602261 -1
2.0951178144 -0.0017136954 -1
2.0823517570 -0.0019855366 -1
2.0691584534 -0.0022743734 -1
2.0555398588 -0.0025784370 -1
2.0414884586 -0.0028960078 -1
2.0269861618 -0.0032250016 -1
2.0120026228 -0.0035632103 -1
1.9964927181 -0.0039083932 -1
1.9803927358 -0.0042578152 1
1.9636145292 -0.0046083968 1
1.9460363073 -0.0049565776 1
1.9274875857 -0.0052979066 1
1.9077233730 -0.0056265578 1
1.8863770607 -0.0059343023 1
1.8628675314 -0.0062081247 1
1.8361989509 -0.0064254094 1
1.8045062816 -0.0065379848 1
1.7645292764 -0.0064277182 1
1.7186015216 -0.0059144229 1
1.6820563700 -0.0051864413 1
1.6553617187 -0.0044671477 1
1.6344725795 -0.0037926051 1
1.6172829227 -0.0031644767 1
1.6027097444 -0.0025816492 1
1.5901368625 -0.0020429663 1
1.5791834694 -0.0015483211 1
1.5695992858 -0.0010976284 1
1.5612118977 -0.0006912734 1
1.5538978496 -0.0003289345 1
1.5475655553 -0.0000109167 1
1.5421445433 0.0002635260 1
1.5375783286 0.0004945083 1
1.5338194944 0.0006836934 1
1.5308262078 0.0008326973 1
1.5285597307 0.0009434805 1
1.5269826619 0.0010188173 1
1.5260577444 0.0010618381 1
1.5257471185 0.0010757684 1
1.5257468871 0.0010758120 1
1.5260119235 0.0010644578 -1
1.5268121628 0.0010315259 -1
1.5281067536 0.0009809667 -1
1.5298536885 0.0009166347 -1
1.5320102471 0.0008421172 -1
1.5345332064 0.0007609352 -1
1.5373790129 0.0006762691 -1
1.5405038914 0.0005908108 -1
1.5438638771 0.0005070984 -1
1.5474147705 0.0004271396 -1
1.5511120189 0.0003525920 -1
1.5549105390 0.0002846339 -1
1.5587645014 0.0002241764 -1
1.5626271031 0.0001716967 -1
1.5664503644 0.0001273372 -1
1.5701849962 0.0000909462 -1
1.5737803928 0.0000620953 -1
1.5771848187 0.0000401241 -1
1.5803458610 0.0000241953 -1
1.5832112214 0.0000133342 -1
1.5857298985 0.0000064992 -1
1.5878537737 0.0000026533 -1
1.5895395434 0.0000008172 -1
1.5907508523 0.0000001491 -1
1.5914603943 0.0000000071 -1
1.5916564026 0.0000000000 1
1.5916563573 0.0000000000 -1
1.5916516849 0.0000000000 -1
1.5913202158 0.0000000207 -1
1.5904737817 0.0000002544 -1
1.5891319178 0.0000011639 -1
1.5873245547 0.0000034506 -1
1.5850901270 0.0000079986 -1
1.5824734365 0.0000158137 -1
1.5795235537 0.0000279348 -1
1.5762919677 0.0000453978 -1
1.5728311068 0.0000691405 -1
1.5691932644 0.0000999600 -1
1.5654299047 0.0001384595 -1
1.5615912886 0.0001849991 -1
1.5577263464 0.0002396586 -1
1.5538827249 0.0003021729 -1
1.5501069437 0.0003720045 -1
1.5464446095 0.0004481496 -1
1.5429406429 0.0005292922 -1
1.5396394866 0.0006136955 -1
1.5365852681 0.0006991762 -1
1.5338219000 0.0007832039 -1
1.5313931046 0.0008629408 -1
1.5293423600 0.0009350182 -1
1.5277127734 0.0009960826 -1
1.5265468950 0.0010422733 -1
1.5258865038 0.0010697263 -1
1.5257469007 0.0010757600 1
1.5257724030 0.0010747410 1
1.5262442826 0.0010532327 1
1.5273407119 0.0010020261 1
1.5290993365 0.0009172568 1
1.5315573621 0.0007964741 1
1.5347524109 0.0006369186 1
1.5387238529 0.0004366394 1
1.5435147409 0.0001939159 1
1.5491745358 -0.0000920952 1
1.5557629229 -0.0004218485 1
1.5633552278 -0.0007960242 1
1.5720503420 -0.0012143728 1
1.5819828355 -0.0016770417 1
1.5933425081 -0.0021833163 1
1.6064080854 -0.0027339968 1
1.6216099917 -0.0033287753 1
1.6396586853 -0.0039693815 1
1.6618360758 -0.0046564637 1
1.6906932108 -0.0053850811 1
1.7305379284 -0.0060899094 1
1.7762643112 -0.0064912088 1
1.8136758116 -0.0065227422 1
1.8437568042 -0.0063746821 1
1.8694416544 -0.0061389670 1
1.8922947655 -0.0058544084 1
1.9131702562 -0.0055400076 1
1.9325781339 -0.0052072243 1
1.9508457818 -0.0048635693 1
1.9681947103 -0.0045143603 1
1.9847803598 -0.0041637274 1
2.0007143088 -0.0038152712 -1
2.0160774066 -0.0034716404 -1
2.0309278998 -0.0031355661 -1
2.0453066314 -0.0028094238 -1
2.0592404478 -0.0024953930 -1
2.0727444616 -0.0021952327 -1
2.0858235540 -0.0019108216 -1
2.0984733600 -0.0016437675 -1
2.1106808900 -0.0013954222 -1
2.1224248938 -0.0011670522 -1
2.1336760386 -0.0009594604 -1
2.1443969668 -0.0007733895 -1
2.1545423036 -0.0006090691 -1
2.1640587082 -0.0004665407 -1
2.1728851328 -0.0003453179 -1
2.1809535614 -0.0002446513 -1
2.1881906494 -0.0001633777 -1
2.1945208488 -0.0000999906 -1
2.1998716360 -0.0000526387 -1
2.2041811476 -0.0000192342 -1
2.2074076916 0.0000024887 -1
2.2095393814 0.0000148496 -1
2.2106013662 0.0000201206 -1
2.2107514848 0.0000207730 -1
2.2106587980 0.0000204144 -1
2.2098158948 0.0000176007 -1
2.2082138294 0.0000132663 -1
2.2060310446 0.0000086745 -1
2.2034883004 0.0000047470 -1
2.2008571638 0.0000020110 -1
2.1984636654 0.0000005568 -1
2.1966679632 0.0000000633 -1
2.1957957766 0.0000000002 -1
2.1957468788 0.0000000000 -1
2.1957467852 0.0000000000 -1
2.1957471454 0.0000000000 -1
2.1960268624 0.0000000059 -1
2.1973120690 0.0000001834 -1
2.1993975470 0.0000010130 -1
2.2019314916 0.0000029772 -1
2.2045626922 0.0000062410 -1
2.2069870202 0.0000105289 -1
2.2089548474 0.0000151462 -1
2.2102637604 0.0000190272 -1
2.2107509814 0.0000207699 -1
2.2107514702 0.0000207727 -1
