0.0000000000 25.6967884238
0.0050000000 17.5118493898
0.0100000000 9.7219914407
0.0150000000 6.1715265196
0.0200000000 4.4285308202
0.0250000000 3.4517114890
0.0300000000 2.8420731376
0.0350000000 2.4315715807
0.0400000000 2.1386430866
0.0450000000 1.9209653867
0.0500000000 1.7527895406
0.0550000000 1.6205480149
0.0600000000 1.5132703571
0.0650000000 1.4251232695
0.0700000000 1.3521982341
0.0750000000 1.2903234016
0.0800000000 1.2374835266
0.0850000000 1.1924202605
0.0900000000 1.1530151621
0.0950000000 1.1187595070
0.1000000000 1.0889927295
0.1050000000 1.0625305666
0.1100000000 1.0391066818
0.1150000000 1.0182978251
0.1200000000 0.9997548352
0.1250000000 0.9833522554
0.1300000000 0.9685369050
0.1350000000 0.9551987933
0.1400000000 0.9431795977
0.1450000000 0.9323730350
0.1500000000 0.9228026486
0.1550000000 0.9142643038
0.1600000000 0.9062640525
0.1650000000 0.8992500216
0.1700000000 0.8929168036
0.1750000000 0.8870300117
0.1800000000 0.8820075938
0.1850000000 0.8773785735
0.1900000000 0.8731603564
0.1950000000 0.8696840831
0.2000000000 0.8662765907
0.2050000000 0.8635370696
0.2100000000 0.8609336255
0.2150000000 0.8588553313
0.2200000000 0.8569561646
0.2250000000 0.8554750606
0.2300000000 0.8542088205
0.2350000000 0.8532797599
0.2400000000 0.8525995717
0.2450000000 0.8521807851
0.2500000000 0.8520341813
0.2550000000 0.8521931344
0.2600000000 0.8525475523
0.2650000000 0.8532753929
0.2700000000 0.8541574928
0.2750000000 0.8554642123
0.2800000000 0.8569028572
0.2850000000 0.8588336322
0.2900000000 0.8608681359
0.2950000000 0.8634115366
0.3000000000 0.8663021793
0.3050000000 0.8695195260
0.3100000000 0.8731928116
0.3150000000 0.8773602097
0.3200000000 0.8819672354
0.3250000000 0.8870424433
0.3300000000 0.8927925277
0.3350000000 0.8991759730
0.3400000000 0.9062637704
0.3450000000 0.9141270817
0.3500000000 0.9228332641
0.3550000000 0.9324403821
0.3600000000 0.9431877388
0.3650000000 0.9551315312
0.3700000000 0.9684210848
0.3750000000 0.9832310008
0.3800000000 0.9996992363
0.3850000000 1.0181422363
0.3900000000 1.0389719595
0.3950000000 1.0623967637
0.4000000000 1.0886875512
0.4050000000 1.1187828948
0.4100000000 1.1529004649
0.4150000000 1.1922029870
0.4200000000 1.2375403323
0.4250000000 1.2902398327
0.4300000000 1.3520294698
0.4350000000 1.4252402184
0.4400000000 1.5131593919
0.4450000000 1.6200234439
0.4500000000 1.7525933851
0.4550000000 1.9205343731
0.4600000000 2.1384395293
0.4650000000 2.4314915171
0.4700000000 2.8421026446
0.4750000000 3.4517500799
0.4800000000 4.4283747019
0.4850000000 6.1711716771
0.4900000000 9.7200949064
0.4950000000 17.5115168141
0.5000000000 25.6940080312
0.5050000000 17.5116657223
0.5100000000 9.7194070961
0.5150000000 6.1701058341
0.5200000000 4.4293830086
0.5250000000 3.4509857356
0.5300000000 2.8416639722
0.5350000000 2.4314789153
0.5400000000 2.1385042682
0.5450000000 1.9205589505
0.5500000000 1.7529263158
0.5550000000 1.6205496137
0.5600000000 1.5134497013
0.5650000000 1.4254340422
0.5700000000 1.3522110537
0.5750000000 1.2900107083
0.5800000000 1.2375803544
0.5850000000 1.1921857097
0.5900000000 1.1531487952
0.5950000000 1.1188107434
0.6000000000 1.0887490863
0.6050000000 1.0623656400
0.6100000000 1.0390081879
0.6150000000 1.0182555339
0.6200000000 0.9997601512
0.6250000000 0.9833094330
0.6300000000 0.9683617368
0.6350000000 0.9551093782
0.6400000000 0.9432515214
0.6450000000 0.9325463139
0.6500000000 0.9228556209
0.6550000000 0.9141239482
0.6600000000 0.9063444103
0.6650000000 0.8992954633
0.6700000000 0.8928072996
0.6750000000 0.8871816031
0.6800000000 0.8819602299
0.6850000000 0.8773643013
0.6900000000 0.8732642083
0.6950000000 0.8695243735
0.7000000000 0.8664678122
0.7050000000 0.8634729381
0.7100000000 0.8610425610
0.7150000000 0.8588748353
0.7200000000 0.8569663228
0.7250000000 0.8555380757
0.7300000000 0.8541348721
0.7350000000 0.8533475576
0.7400000000 0.8525907037
0.7450000000 0.8522368739
0.7500000000 0.8521158284
0.7550000000 0.8521456386
0.7600000000 0.8525707142
0.7650000000 0.8532515075
0.7700000000 0.8541511026
0.7750000000 0.8554493762
0.7800000000 0.8568805123
0.7850000000 0.8588111352
0.7900000000 0.8609322250
0.7950000000 0.8634467342
0.8000000000 0.8662991910
0.8050000000 0.8695172522
0.8100000000 0.8731639087
0.8150000000 0.8773524077
0.8200000000 0.8819768849
0.8250000000 0.8870605114
0.8300000000 0.8927973188
0.8350000000 0.8991729444
0.8400000000 0.9062634978
0.8450000000 0.9141258079
0.8500000000 0.9228416782
0.8550000000 0.9325046743
0.8600000000 0.9431866644
0.8650000000 0.9551351854
0.8700000000 0.9684224674
0.8750000000 0.9832202809
0.8800000000 0.9997301721
0.8850000000 1.0181103164
0.8900000000 1.0389892828
0.8950000000 1.0623795690
0.9000000000 1.0886793900
0.9050000000 1.1187841738
0.9100000000 1.1529710951
0.9150000000 1.1921904527
0.9200000000 1.2374741576
0.9250000000 1.2902095953
0.9300000000 1.3519544234
0.9350000000 1.4251326009
0.9400000000 1.5132053094
0.9450000000 1.6202470255
0.9500000000 1.7527754201
0.9550000000 1.9206760606
0.9600000000 2.1386423093
0.9650000000 2.4312358461
0.9700000000 2.8416893885
0.9750000000 3.4511971576
0.9800000000 4.4288424993
0.9850000000 6.1712542463
0.9900000000 9.7207011450
0.9950000000 17.5110055822
1.0000000000 25.6967884238
