0.0000000000 0.3594472099
0.0050000000 0.3595649808
0.0100000000 0.3597213794
0.0150000000 0.3600760845
0.0200000000 0.3605094080
0.0250000000 0.3611052252
0.0300000000 0.3618223781
0.0350000000 0.3626662726
0.0400000000 0.3636783131
0.0450000000 0.3647800409
0.0500000000 0.3660903961
0.0550000000 0.3674909657
0.0600000000 0.3691031521
0.0650000000 0.3708556646
0.0700000000 0.3727366578
0.0750000000 0.3748672136
0.0800000000 0.3771026938
0.0850000000 0.3795722050
0.0900000000 0.3822125923
0.0950000000 0.3850404497
0.1000000000 0.3880842352
0.1050000000 0.3913890688
0.1100000000 0.3948956110
0.1150000000 0.3986092216
0.1200000000 0.4025966913
0.1250000000 0.4068464943
0.1300000000 0.4113702563
0.1350000000 0.4161737950
0.1400000000 0.4212690219
0.1450000000 0.4266683113
0.1500000000 0.4323748223
0.1550000000 0.4384307969
0.1600000000 0.4448332364
0.1650000000 0.4515966657
0.1700000000 0.4587360914
0.1750000000 0.4662486317
0.1800000000 0.4741942009
0.1850000000 0.4825819287
0.1900000000 0.4913989167
0.1950000000 0.5006453865
0.2000000000 0.5104239216
0.2050000000 0.5206597781
0.2100000000 0.5314385334
0.2150000000 0.5427308154
0.2200000000 0.5545985295
0.2250000000 0.5670302292
0.2300000000 0.5800549675
0.2350000000 0.5936920918
0.2400000000 0.6079571278
0.2450000000 0.6228739598
0.2500000000 0.6384467725
0.2550000000 0.6547213568
0.2600000000 0.6716803242
0.2650000000 0.6893482865
0.2700000000 0.7077328027
0.2750000000 0.7268289529
0.2800000000 0.7466432051
0.2850000000 0.7671473065
0.2900000000 0.7883196251
0.2950000000 0.8100986958
0.3000000000 0.8324000369
0.3050000000 0.8550757050
0.3100000000 0.8778815084
0.3150000000 0.9003930433
0.3200000000 0.9218206669
0.3250000000 0.9405747787
0.3300000000 0.9534022706
0.3350000000 0.9554986290
0.3400000000 0.9457362320
0.3450000000 0.9284845616
0.3500000000 0.9077117307
0.3550000000 0.8854469571
0.3600000000 0.8626793237
0.3650000000 0.8399268240
0.3700000000 0.8174809369
0.3750000000 0.7955154834
0.3800000000 0.7741328554
0.3850000000 0.7534030230
0.3900000000 0.7333573640
0.3950000000 0.7140185696
0.4000000000 0.6953908159
0.4050000000 0.6774949511
0.4100000000 0.6602878783
0.4150000000 0.6437997542
0.4200000000 0.6280003561
0.4250000000 0.6128554658
0.4300000000 0.5983623311
0.4350000000 0.5845371051
0.4400000000 0.5713131217
0.4450000000 0.5586709239
0.4500000000 0.5466492208
0.4550000000 0.5351572271
0.4600000000 0.5241835747
0.4650000000 0.5137893678
0.4700000000 0.5038871449
0.4750000000 0.4944473971
0.4800000000 0.4854710843
0.4850000000 0.4769409251
0.4900000000 0.4688400485
0.4950000000 0.4611915223
0.5000000000 0.4539347975
0.5050000000 0.4470557198
0.5100000000 0.4405395180
0.5150000000 0.4343718766
0.5200000000 0.4285631944
0.5250000000 0.4229967463
0.5300000000 0.4178620826
0.5350000000 0.4129699249
0.5400000000 0.4083135243
0.5450000000 0.4040067487
0.5500000000 0.3999487361
0.5550000000 0.3961001556
0.5600000000 0.3925603065
0.5650000000 0.3891980847
0.5700000000 0.3860549626
0.5750000000 0.3831667977
0.5800000000 0.3803924431
0.5850000000 0.3779391199
0.5900000000 0.3755718448
0.5950000000 0.3734547875
0.6000000000 0.3714831764
0.6050000000 0.3697013540
0.6100000000 0.3680281282
0.6150000000 0.3665779234
0.6200000000 0.3652027272
0.6250000000 0.3640622018
0.6300000000 0.3629684605
0.6350000000 0.3621210033
0.6400000000 0.3612951683
0.6450000000 0.3607282355
0.6500000000 0.3601751297
0.6550000000 0.3598557324
0.6600000000 0.3595674881
0.6650000000 0.3595135721
0.6700000000 0.3594848190
0.6750000000 0.3596849278
0.6800000000 0.3599177518
0.6850000000 0.3603721955
0.6900000000 0.3608700863
0.6950000000 0.3615849321
0.7000000000 0.3623532618
0.7050000000 0.3633273913
0.7100000000 0.3644001581
0.7150000000 0.3656382855
0.7200000000 0.3670296512
0.7250000000 0.3685388204
0.7300000000 0.3702696440
0.7350000000 0.3720708398
0.7400000000 0.3741611756
0.7450000000 0.3763210262
0.7500000000 0.3787135124
0.7550000000 0.3813152131
0.7600000000 0.3840755062
0.7650000000 0.3870474229
0.7700000000 0.3902824929
0.7750000000 0.3936982550
0.7800000000 0.3973193575
0.7850000000 0.4012367860
0.7900000000 0.4054077032
0.7950000000 0.4098402558
0.8000000000 0.4145452874
0.8050000000 0.4195340581
0.8100000000 0.4248137164
0.8150000000 0.4304271430
0.8200000000 0.4363703493
0.8250000000 0.4426569663
0.8300000000 0.4493010374
0.8350000000 0.4563069603
0.8400000000 0.4637049077
0.8450000000 0.4714945548
0.8500000000 0.4797313100
0.8550000000 0.4884015556
0.8600000000 0.4975151488
0.8650000000 0.5071112268
0.8700000000 0.5172032913
0.8750000000 0.5277844328
0.8800000000 0.5389110020
0.8850000000 0.5505882182
0.8900000000 0.5628145778
0.8950000000 0.5756316126
0.9000000000 0.5890699305
0.9050000000 0.6031171102
0.9100000000 0.6178236265
0.9150000000 0.6331872850
0.9200000000 0.6492161906
0.9250000000 0.6659497539
0.9300000000 0.6833825487
0.9350000000 0.7015257662
0.9400000000 0.7203831417
0.9450000000 0.7399618657
0.9500000000 0.7602381190
0.9550000000 0.7811905644
0.9600000000 0.8027762156
0.9650000000 0.8249156793
0.9700000000 0.8474881797
0.9750000000 0.8702862601
0.9800000000 0.8929597894
0.9850000000 0.9148727203
0.9900000000 0.9347755430
0.9950000000 0.9500788243
1.0000000000 0.9562205973
