0.0000000000 1.1478432136
0.0050000000 1.1488573407
0.0100000000 1.1516962434
0.0150000000 1.1563983157
0.0200000000 1.1630255062
0.0250000000 1.1716651399
0.0300000000 1.1823251844
0.0350000000 1.1953805941
0.0400000000 1.2109039965
0.0450000000 1.2291250222
0.0500000000 1.2503251975
0.0550000000 1.2750548803
0.0600000000 1.3036232584
0.0650000000 1.3362610125
0.0700000000 1.3741979012
0.0750000000 1.4177739778
0.0800000000 1.4686333722
0.0850000000 1.5272251878
0.0900000000 1.5959485109
0.0950000000 1.6768062329
0.1000000000 1.7730836766
0.1050000000 1.8886780100
0.1100000000 2.0281972729
0.1150000000 2.2007779505
0.1200000000 2.4163359164
0.1250000000 2.6918218488
0.1300000000 3.0515671580
0.1350000000 3.5356213959
0.1400000000 4.2059229013
0.1450000000 5.1638388828
0.1500000000 6.5572073535
0.1550000000 8.5443490900
0.1600000000 11.0018127858
0.1650000000 12.8277277043
0.1700000000 12.4061167325
0.1750000000 10.1705081646
0.1800000000 7.8117561212
0.1850000000 6.0325122105
0.1900000000 4.8061477875
0.1950000000 3.9581984061
0.2000000000 3.3571158057
0.2050000000 2.9199655525
0.2100000000 2.5916080086
0.2150000000 2.3390447240
0.2200000000 2.1388611878
0.2250000000 1.9785367700
0.2300000000 1.8476323470
0.2350000000 1.7391912136
0.2400000000 1.6488947227
0.2450000000 1.5720467560
0.2500000000 1.5070248552
0.2550000000 1.4507043821
0.2600000000 1.4027533058
0.2650000000 1.3611423800
0.2700000000 1.3251666495
0.2750000000 1.2937939239
0.2800000000 1.2665936832
0.2850000000 1.2430591166
0.2900000000 1.2227788027
0.2950000000 1.2056921216
0.3000000000 1.1909661650
0.3050000000 1.1785278779
0.3100000000 1.1683621543
0.3150000000 1.1605620271
0.3200000000 1.1547483878
0.3250000000 1.1506974994
0.3300000000 1.1484867239
0.3350000000 1.1480536722
0.3400000000 1.1495668995
0.3450000000 1.1530612588
0.3500000000 1.1584368281
0.3550000000 1.1655982469
0.3600000000 1.1749143767
0.3650000000 1.1864250144
0.3700000000 1.2002941516
0.3750000000 1.2167267537
0.3800000000 1.2357903021
0.3850000000 1.2581383136
0.3900000000 1.2841905767
0.3950000000 1.3140870128
0.4000000000 1.3482385154
0.4050000000 1.3881570616
0.4100000000 1.4338020542
0.4150000000 1.4871303515
0.4200000000 1.5491743812
0.4250000000 1.6217594135
0.4300000000 1.7073555672
0.4350000000 1.8094708023
0.4400000000 1.9319391583
0.4450000000 2.0818940063
0.4500000000 2.2667168967
0.4550000000 2.5001427672
0.4600000000 2.8009029354
0.4650000000 3.1963837687
0.4700000000 3.7354607144
0.4750000000 4.4871696547
0.4800000000 5.5704190083
0.4850000000 7.1489556126
0.4900000000 9.3383479299
0.4950000000 11.7715652512
0.5000000000 12.9774755277
0.5050000000 11.7719785104
0.5100000000 9.3380837910
0.5150000000 7.1486116129
0.5200000000 5.5709710521
0.5250000000 4.4883586603
0.5300000000 3.7340364595
0.5350000000 3.1978514377
0.5400000000 2.8011806803
0.5450000000 2.5008360705
0.5500000000 2.2667647431
0.5550000000 2.0818576968
0.5600000000 1.9322487107
0.5650000000 1.8096595759
0.5700000000 1.7071198124
0.5750000000 1.6218929182
0.5800000000 1.5492998326
0.5850000000 1.4874782991
0.5900000000 1.4339353435
0.5950000000 1.3880945129
0.6000000000 1.3487293536
0.6050000000 1.3142635087
0.6100000000 1.2843605840
0.6150000000 1.2584407765
0.6200000000 1.2360342485
0.6250000000 1.2169648678
0.6300000000 1.2004224079
0.6350000000 1.1863582198
0.6400000000 1.1747604155
0.6450000000 1.1656438116
0.6500000000 1.1584787650
0.6550000000 1.1531876931
0.6600000000 1.1497175442
0.6650000000 1.1480236862
0.6700000000 1.1483836463
0.6750000000 1.1506706005
0.6800000000 1.1547462740
0.6850000000 1.1605612706
0.6900000000 1.1684929382
0.6950000000 1.1785317470
0.7000000000 1.1908181940
0.7050000000 1.2055300050
0.7100000000 1.2227658719
0.7150000000 1.2429340957
0.7200000000 1.2662807427
0.7250000000 1.2936481729
0.7300000000 1.3249399338
0.7350000000 1.3608232094
0.7400000000 1.4027435303
0.7450000000 1.4505772580
0.7500000000 1.5066481710
0.7550000000 1.5720960540
0.7600000000 1.6486667502
0.7650000000 1.7394040643
0.7700000000 1.8477333580
0.7750000000 1.9785857066
0.7800000000 2.1390608037
0.7850000000 2.3387124171
0.7900000000 2.5918048884
0.7950000000 2.9199491879
0.8000000000 3.3582030299
0.8050000000 3.9570563527
0.8100000000 4.8042732071
0.8150000000 6.0332895795
0.8200000000 7.8120313078
0.8250000000 10.1704939051
0.8300000000 12.4063585158
0.8350000000 12.8275257850
0.8400000000 11.0013606402
0.8450000000 8.5443851007
0.8500000000 6.5574457255
0.8550000000 5.1623874980
0.8600000000 4.2071453782
0.8650000000 3.5360407060
0.8700000000 3.0523506595
0.8750000000 2.6922325734
0.8800000000 2.4161788025
0.8850000000 2.2010826895
0.8900000000 2.0283082445
0.8950000000 1.8884119861
0.9000000000 1.7734448381
0.9050000000 1.6773424964
0.9100000000 1.5960895410
0.9150000000 1.5276380599
0.9200000000 1.4683190966
0.9250000000 1.4182498770
0.9300000000 1.3745194852
0.9350000000 1.3365654781
0.9400000000 1.3035838098
0.9450000000 1.2749252163
0.9500000000 1.2504374477
0.9550000000 1.2292429055
0.9600000000 1.2110206723
0.9650000000 1.1954928217
0.9700000000 1.1824319348
0.9750000000 1.1716534021
0.9800000000 1.1630078337
0.9850000000 1.1563793350
0.9900000000 1.1516798914
0.9950000000 1.1488472813
1.0000000000 1.1478432136
