0.0000000000 0.9603836018
0.0050000000 0.9603278923
0.0100000000 0.9602544528
0.0150000000 0.9600902384
0.0200000000 0.9598934182
0.0250000000 0.9596294441
0.0300000000 0.9593237213
0.0350000000 0.9589746123
0.0400000000 0.9585832737
0.0450000000 0.9581696123
0.0500000000 0.9577256783
0.0550000000 0.9572736392
0.0600000000 0.9568151315
0.0650000000 0.9563685968
0.0700000000 0.9559331118
0.0750000000 0.9555491566
0.0800000000 0.9551954398
0.0850000000 0.9549189019
0.0900000000 0.9547186150
0.0950000000 0.9546090689
0.1000000000 0.9546194902
0.1050000000 0.9548016688
0.1100000000 0.9551336232
0.1150000000 0.9556292217
0.1200000000 0.9563614882
0.1250000000 0.9573464664
0.1300000000 0.9586158148
0.1350000000 0.9601988111
0.1400000000 0.9621329088
0.1450000000 0.9644590407
0.1500000000 0.9672074687
0.1550000000 0.9704704260
0.1600000000 0.9742803462
0.1650000000 0.9786992817
0.1700000000 0.9837964900
0.1750000000 0.9896118529
0.1800000000 0.9963227457
0.1850000000 1.0040208941
0.1900000000 1.0127525626
0.1950000000 1.0225950281
0.2000000000 1.0339351402
0.2050000000 1.0466783592
0.2100000000 1.0612449948
0.2150000000 1.0777058847
0.2200000000 1.0965168331
0.2250000000 1.1179025564
0.2300000000 1.1423175328
0.2350000000 1.1702734181
0.2400000000 1.2023735720
0.2450000000 1.2394400401
0.2500000000 1.2823372359
0.2550000000 1.3326397529
0.2600000000 1.3916545311
0.2650000000 1.4617071941
0.2700000000 1.5457584897
0.2750000000 1.6476767039
0.2800000000 1.7735814277
0.2850000000 1.9313799772
0.2900000000 2.1342814040
0.2950000000 2.4016130851
0.3000000000 2.7668282519
0.3050000000 3.2872490686
0.3100000000 4.0699342403
0.3150000000 5.3256835226
0.3200000000 7.4867731997
0.3250000000 11.3090975432
0.3300000000 16.6735121696
0.3350000000 17.9855281340
0.3400000000 13.0432724795
0.3450000000 8.5343747993
0.3500000000 5.9145242394
0.3550000000 4.4205664006
0.3600000000 3.5117525125
0.3650000000 2.9193243443
0.3700000000 2.5104531647
0.3750000000 2.2149921718
0.3800000000 1.9932109540
0.3850000000 1.8221712298
0.3900000000 1.6867245038
0.3950000000 1.5774891247
0.4000000000 1.4878696995
0.4050000000 1.4137274461
0.4100000000 1.3511196888
0.4150000000 1.2982780042
0.4200000000 1.2531222924
0.4250000000 1.2141253579
0.4300000000 1.1803794869
0.4350000000 1.1512481336
0.4400000000 1.1257225727
0.4450000000 1.1033057140
0.4500000000 1.0838126499
0.4550000000 1.0665580570
0.4600000000 1.0512920975
0.4650000000 1.0380347395
0.4700000000 1.0263212613
0.4750000000 1.0159449949
0.4800000000 1.0068082370
0.4850000000 0.9987750858
0.4900000000 0.9917270450
0.4950000000 0.9856399433
0.5000000000 0.9803222084
0.5050000000 0.9756984642
0.5100000000 0.9716991660
0.5150000000 0.9682618251
0.5200000000 0.9653634344
0.5250000000 0.9628126745
0.5300000000 0.9608318105
0.5350000000 0.9591411345
0.5400000000 0.9577256576
0.5450000000 0.9566846145
0.5500000000 0.9558820046
0.5550000000 0.9552699229
0.5600000000 0.9549152334
0.5650000000 0.9546869279
0.5700000000 0.9546135114
0.5750000000 0.9546872843
0.5800000000 0.9548261979
0.5850000000 0.9551076452
0.5900000000 0.9554185908
0.5950000000 0.9558072963
0.6000000000 0.9562217626
0.6050000000 0.9566688039
0.6100000000 0.9571186099
0.6150000000 0.9575747663
0.6200000000 0.9580223784
0.6250000000 0.9584428010
0.6300000000 0.9588526442
0.6350000000 0.9592019414
0.6400000000 0.9595452438
0.6450000000 0.9597969161
0.6500000000 0.9600447512
0.6550000000 0.9601919348
0.6600000000 0.9603271507
0.6650000000 0.9603519503
0.6700000000 0.9603661903
0.6750000000 0.9602715601
0.6800000000 0.9601630781
0.6850000000 0.9599557734
0.6900000000 0.9597318748
0.6950000000 0.9594246142
0.7000000000 0.9591010173
0.7050000000 0.9587161205
0.7100000000 0.9583109370
0.7150000000 0.9578745267
0.7200000000 0.9574248963
0.7250000000 0.9569666509
0.7300000000 0.9565173830
0.7350000000 0.9560725409
0.7400000000 0.9556775709
0.7450000000 0.9553022418
0.7500000000 0.9549966192
0.7550000000 0.9547776416
0.7600000000 0.9546341178
0.7650000000 0.9546020686
0.7700000000 0.9547373162
0.7750000000 0.9550017888
0.7800000000 0.9554194291
0.7850000000 0.9560888239
0.7900000000 0.9569960717
0.7950000000 0.9581690413
0.8000000000 0.9596398198
0.8050000000 0.9614431810
0.8100000000 0.9636103604
0.8150000000 0.9662266188
0.8200000000 0.9693191005
0.8250000000 0.9729419388
0.8300000000 0.9771550332
0.8350000000 0.9820056132
0.8400000000 0.9875949029
0.8450000000 0.9939747875
0.8500000000 1.0013270356
0.8550000000 1.0096960537
0.8600000000 1.0191849912
0.8650000000 1.0299973959
0.8700000000 1.0422889418
0.8750000000 1.0561727915
0.8800000000 1.0720018920
0.8850000000 1.0900117361
0.8900000000 1.1104268075
0.8950000000 1.1337310156
0.9000000000 1.1604776125
0.9050000000 1.1910656512
0.9100000000 1.2264388201
0.9150000000 1.2673762188
0.9200000000 1.3149316556
0.9250000000 1.3708869164
0.9300000000 1.4370183439
0.9350000000 1.5159837254
0.9400000000 1.6113690120
0.9450000000 1.7285866939
0.9500000000 1.8746226392
0.9550000000 2.0605676767
0.9600000000 2.3037184290
0.9650000000 2.6313115257
0.9700000000 3.0915640683
0.9750000000 3.7699462702
0.9800000000 4.8343105031
0.9850000000 6.6249409333
0.9900000000 9.8006849950
0.9950000000 14.9066509736
1.0000000000 18.4790558340
