0.0000000000 0.9247627838
0.0050000000 0.9253268763
0.0100000000 0.9264966738
0.0150000000 0.9282743810
0.0200000000 0.9311532096
0.0250000000 0.9347660422
0.0300000000 0.9390463831
0.0350000000 0.9444839966
0.0400000000 0.9507668780
0.0450000000 0.9581002758
0.0500000000 0.9665078487
0.0550000000 0.9760730037
0.0600000000 0.9869106976
0.0650000000 0.9994148923
0.0700000000 1.0133398919
0.0750000000 1.0290657970
0.0800000000 1.0467789142
0.0850000000 1.0668355640
0.0900000000 1.0894857911
0.0950000000 1.1152016868
0.1000000000 1.1441712076
0.1050000000 1.1770170499
0.1100000000 1.2149378733
0.1150000000 1.2580652819
0.1200000000 1.3084508966
0.1250000000 1.3667108269
0.1300000000 1.4352735937
0.1350000000 1.5166216165
0.1400000000 1.6142004789
0.1450000000 1.7326542205
0.1500000000 1.8803593024
0.1550000000 2.0670206422
0.1600000000 2.3084810252
0.1650000000 2.6333676551
0.1700000000 3.0877254751
0.1750000000 3.7570402437
0.1800000000 4.8119013835
0.1850000000 6.6298725586
0.1900000000 10.0329415980
0.1950000000 16.2111060343
0.2000000000 21.2011677451
0.2050000000 16.2113313474
0.2100000000 10.0362206103
0.2150000000 6.6293141256
0.2200000000 4.8113426851
0.2250000000 3.7568553291
0.2300000000 3.0888204936
0.2350000000 2.6335755990
0.2400000000 2.3090841459
0.2450000000 2.0665990052
0.2500000000 1.8807055523
0.2550000000 1.7332646662
0.2600000000 1.6145976882
0.2650000000 1.5166071730
0.2700000000 1.4349905912
0.2750000000 1.3670235180
0.2800000000 1.3085823924
0.2850000000 1.2580858349
0.2900000000 1.2152163754
0.2950000000 1.1774395038
0.3000000000 1.1443852878
0.3050000000 1.1153398463
0.3100000000 1.0897290554
0.3150000000 1.0672679588
0.3200000000 1.0469987808
0.3250000000 1.0291003596
0.3300000000 1.0135451597
0.3350000000 0.9996022577
0.3400000000 0.9871417327
0.3450000000 0.9760709788
0.3500000000 0.9667400976
0.3550000000 0.9581998582
0.3600000000 0.9508106377
0.3650000000 0.9446362792
0.3700000000 0.9389779476
0.3750000000 0.9348413228
0.3800000000 0.9311544084
0.3850000000 0.9284411320
0.3900000000 0.9265321683
0.3950000000 0.9251726893
0.4000000000 0.9249751313
0.4050000000 0.9253471315
0.4100000000 0.9263609137
0.4150000000 0.9284813116
0.4200000000 0.9311448113
0.4250000000 0.9346829381
0.4300000000 0.9391394324
0.4350000000 0.9444828597
0.4400000000 0.9507215662
0.4450000000 0.9579286239
0.4500000000 0.9665000040
0.4550000000 0.9762169763
0.4600000000 0.9870856339
0.4650000000 0.9994813715
0.4700000000 1.0134776294
0.4750000000 1.0292597019
0.4800000000 1.0470483386
0.4850000000 1.0669997368
0.4900000000 1.0895762978
0.4950000000 1.1149932405
0.5000000000 1.1441617648
0.5050000000 1.1772088851
0.5100000000 1.2147032192
0.5150000000 1.2583712034
0.5200000000 1.3081638640
0.5250000000 1.3665303433
0.5300000000 1.4352301073
0.5350000000 1.5164523405
0.5400000000 1.6138442714
0.5450000000 1.7330364176
0.5500000000 1.8801829141
0.5550000000 2.0664601405
0.5600000000 2.3092110622
0.5650000000 2.6338775764
0.5700000000 3.0877214103
0.5750000000 3.7563083079
0.5800000000 4.8133762624
0.5850000000 6.6290940900
0.5900000000 10.0335215125
0.5950000000 16.2111223435
0.6000000000 21.2047805025
0.6050000000 16.2112277551
0.6100000000 10.0326844521
0.6150000000 6.6297837080
0.6200000000 4.8139718416
0.6250000000 3.7574320678
0.6300000000 3.0869292260
0.6350000000 2.6344459389
0.6400000000 2.3090366406
0.6450000000 2.0673990026
0.6500000000 1.8800444037
0.6550000000 1.7329037383
0.6600000000 1.6137604669
0.6650000000 1.5163781218
0.6700000000 1.4356189692
0.6750000000 1.3666831378
0.6800000000 1.3085227101
0.6850000000 1.2586332677
0.6900000000 1.2150887237
0.6950000000 1.1771523570
0.7000000000 1.1439621151
0.7050000000 1.1151569699
0.7100000000 1.0894700226
0.7150000000 1.0670549198
0.7200000000 1.0471060173
0.7250000000 1.0293458725
0.7300000000 1.0135376461
0.7350000000 0.9995596342
0.7400000000 0.9871301536
0.7450000000 0.9763504646
0.7500000000 0.9665179536
0.7550000000 0.9581242492
0.7600000000 0.9508932410
0.7650000000 0.9444105943
0.7700000000 0.9391619154
0.7750000000 0.9348377162
0.7800000000 0.9310328385
0.7850000000 0.9285342792
0.7900000000 0.9264177120
0.7950000000 0.9253896423
0.8000000000 0.9249898979
0.8050000000 0.9252869640
0.8100000000 0.9265870730
0.8150000000 0.9282545669
0.8200000000 0.9311091230
0.8250000000 0.9347358186
0.8300000000 0.9391250592
0.8350000000 0.9443041313
0.8400000000 0.9507711504
0.8450000000 0.9581658863
0.8500000000 0.9664856712
0.8550000000 0.9760963808
0.8600000000 0.9870047674
0.8650000000 0.9993378050
0.8700000000 1.0132582566
0.8750000000 1.0290890549
0.8800000000 1.0468094572
0.8850000000 1.0669487496
0.8900000000 1.0896480128
0.8950000000 1.1152769531
0.9000000000 1.1440993315
0.9050000000 1.1771627368
0.9100000000 1.2149874847
0.9150000000 1.2580811170
0.9200000000 1.3082947844
0.9250000000 1.3668319641
0.9300000000 1.4352540466
0.9350000000 1.5166330904
0.9400000000 1.6142934999
0.9450000000 1.7328708271
0.9500000000 1.8804113373
0.9550000000 2.0666310229
0.9600000000 2.3087394288
0.9650000000 2.6332197662
0.9700000000 3.0881154239
0.9750000000 3.7572505455
0.9800000000 4.8133056908
0.9850000000 6.6292714702
0.9900000000 10.0344839369
0.9950000000 16.2109716455
1.0000000000 21.2067314230
