0.0000000000 0.4943959103
0.0050000000 0.4948045924
0.0100000000 0.4956483589
0.0150000000 0.4969274692
0.0200000000 0.4989777714
0.0250000000 0.5015211241
0.0300000000 0.5045066146
0.0350000000 0.5082260032
0.0400000000 0.5124468913
0.0450000000 0.5172656658
0.0500000000 0.5226591714
0.0550000000 0.5286346028
0.0600000000 0.5352076745
0.0650000000 0.5424939275
0.0700000000 0.5503343261
0.0750000000 0.5588236790
0.0800000000 0.5679611083
0.0850000000 0.5777844076
0.0900000000 0.5882841683
0.0950000000 0.5994906117
0.1000000000 0.6113593937
0.1050000000 0.6239221637
0.1100000000 0.6372674192
0.1150000000 0.6512977564
0.1200000000 0.6661340590
0.1250000000 0.6816926957
0.1300000000 0.6980313424
0.1350000000 0.7151437037
0.1400000000 0.7330273216
0.1450000000 0.7516704256
0.1500000000 0.7710930096
0.1550000000 0.7912399346
0.1600000000 0.8120669408
0.1650000000 0.8335220680
0.1700000000 0.8554839931
0.1750000000 0.8777686595
0.1800000000 0.9000658505
0.1850000000 0.9218051070
0.1900000000 0.9418567970
0.1950000000 0.9576898901
0.2000000000 0.9642509181
0.2050000000 0.9576850317
0.2100000000 0.9418524489
0.2150000000 0.9218057157
0.2200000000 0.9000662742
0.2250000000 0.8777687243
0.2300000000 0.8554857854
0.2350000000 0.8335229610
0.2400000000 0.8120718499
0.2450000000 0.7912347639
0.2500000000 0.7710997103
0.2550000000 0.7516866163
0.2600000000 0.7330419102
0.2650000000 0.7151439440
0.2700000000 0.6980142267
0.2750000000 0.6817174877
0.2800000000 0.6661450345
0.2850000000 0.6513006378
0.2900000000 0.6373057539
0.2950000000 0.6239888851
0.3000000000 0.6113977758
0.3050000000 0.5995196612
0.3100000000 0.5883415605
0.3150000000 0.5778996643
0.3200000000 0.5680275689
0.3250000000 0.5588332342
0.3300000000 0.5504053342
0.3350000000 0.5425662613
0.3400000000 0.5353081348
0.3450000000 0.5286365642
0.3500000000 0.5227739263
0.3550000000 0.5173222238
0.3600000000 0.5124687620
0.3650000000 0.5083170332
0.3700000000 0.5044644247
0.3750000000 0.5015703726
0.3800000000 0.4989791151
0.3850000000 0.4970434174
0.3900000000 0.4956742790
0.3950000000 0.4946931069
0.4000000000 0.4945498851
0.4050000000 0.4948187590
0.4100000000 0.4955519850
0.4150000000 0.4970729206
0.4200000000 0.4989701361
0.4250000000 0.5014681695
0.4300000000 0.5045666912
0.4350000000 0.5082233539
0.4400000000 0.5124196935
0.4450000000 0.5171743292
0.4500000000 0.5226575954
0.4550000000 0.5287031655
0.4600000000 0.5352824396
0.4650000000 0.5425185903
0.4700000000 0.5503827620
0.4750000000 0.5588858690
0.4800000000 0.5680394270
0.4850000000 0.5778278765
0.4900000000 0.5883064322
0.4950000000 0.5994484070
0.5000000000 0.6113561458
0.5050000000 0.6239521929
0.5100000000 0.6372364272
0.5150000000 0.6513322006
0.5200000000 0.6661068349
0.5250000000 0.6816794998
0.5300000000 0.6980294387
0.5350000000 0.7151362393
0.5400000000 0.7330141149
0.5450000000 0.7516805328
0.5500000000 0.7710893269
0.5550000000 0.7912326808
0.5600000000 0.8120725457
0.5650000000 0.8335239964
0.5700000000 0.8554840936
0.5750000000 0.8777686427
0.5800000000 0.9000648456
0.5850000000 0.9218059210
0.5900000000 0.9418560508
0.5950000000 0.9576897512
0.6000000000 0.9642546738
0.6050000000 0.9576860395
0.6100000000 0.9418571402
0.6150000000 0.9218051773
0.6200000000 0.9000643912
0.6250000000 0.8777686504
0.6300000000 0.8554827523
0.6350000000 0.8335262093
0.6400000000 0.8120710746
0.6450000000 0.7912446026
0.6500000000 0.7710867495
0.6550000000 0.7516774632
0.6600000000 0.7330111684
0.6650000000 0.7151320826
0.6700000000 0.6980531396
0.6750000000 0.6816901464
0.6800000000 0.6661408239
0.6850000000 0.6513603257
0.6900000000 0.6372861003
0.6950000000 0.6239423381
0.7000000000 0.6113214491
0.7050000000 0.5994833575
0.7100000000 0.5882802228
0.7150000000 0.5778402710
0.7200000000 0.5680552863
0.7250000000 0.5589139770
0.7300000000 0.5504054240
0.7350000000 0.5425526637
0.7400000000 0.5352988097
0.7450000000 0.5287645802
0.7500000000 0.5226674052
0.7550000000 0.5172765735
0.7600000000 0.5125189394
0.7650000000 0.5081817459
0.7700000000 0.5045789696
0.7750000000 0.5015699002
0.7800000000 0.4988943424
0.7850000000 0.4971095147
0.7900000000 0.4955927587
0.7950000000 0.4948493657
0.8000000000 0.4945605480
0.8050000000 0.4947758528
0.8100000000 0.4957129534
0.8150000000 0.4969137697
0.8200000000 0.4989476114
0.8250000000 0.5015018110
0.8300000000 0.5045562041
0.8350000000 0.5081163629
0.8400000000 0.5124502855
0.8450000000 0.5173010555
0.8500000000 0.5226483221
0.8550000000 0.5286456006
0.8600000000 0.5352469398
0.8650000000 0.5424616415
0.8700000000 0.5503043938
0.8750000000 0.5588315461
0.8800000000 0.5679695642
0.8850000000 0.5778136468
0.8900000000 0.5883218119
0.8950000000 0.5995062966
0.9000000000 0.6113464269
0.9050000000 0.6239443828
0.9100000000 0.6372745747
0.9150000000 0.6512995023
0.9200000000 0.6661195917
0.9250000000 0.6817023126
0.9300000000 0.6980302821
0.9350000000 0.7151446216
0.9400000000 0.7330308728
0.9450000000 0.7516759795
0.9500000000 0.7710940906
0.9550000000 0.7912350740
0.9600000000 0.8120688811
0.9650000000 0.8335214511
0.9700000000 0.8554846411
0.9750000000 0.8777687082
0.9800000000 0.9000648748
0.9850000000 0.9218057279
0.9900000000 0.9418547827
0.9950000000 0.9576914668
1.0000000000 0.9642567041
