0.0000000000 0.9574224952
0.0050000000 0.9527384132
0.0100000000 0.9406578001
0.0150000000 0.9243740860
0.0200000000 0.9060350840
0.0250000000 0.8868113596
0.0300000000 0.8673413630
0.0350000000 0.8480072969
0.0400000000 0.8290409912
0.0450000000 0.8105778239
0.0500000000 0.7927498052
0.0550000000 0.7755853847
0.0600000000 0.7591420751
0.0650000000 0.7434541588
0.0700000000 0.7285181892
0.0750000000 0.7143956271
0.0800000000 0.7010231789
0.0850000000 0.6884626077
0.0900000000 0.6767019947
0.0950000000 0.6656863782
0.1000000000 0.6554772492
0.1050000000 0.6460233526
0.1100000000 0.6373361186
0.1150000000 0.6294093640
0.1200000000 0.6222368881
0.1250000000 0.6158936485
0.1300000000 0.6102235224
0.1350000000 0.6052407054
0.1400000000 0.6009414275
0.1450000000 0.5975283202
0.1500000000 0.5948219709
0.1550000000 0.5927864913
0.1600000000 0.5914267362
0.1650000000 0.5907462749
0.1700000000 0.5909436012
0.1750000000 0.5918275269
0.1800000000 0.5933846273
0.1850000000 0.5955953441
0.1900000000 0.5985897980
0.1950000000 0.6023095947
0.2000000000 0.6067584872
0.2050000000 0.6119408540
0.2100000000 0.6178525948
0.2150000000 0.6245489522
0.2200000000 0.6319769621
0.2250000000 0.6401423279
0.2300000000 0.6490508522
0.2350000000 0.6587789850
0.2400000000 0.6692538412
0.2450000000 0.6805168349
0.2500000000 0.6925524159
0.2550000000 0.7053975871
0.2600000000 0.7190132667
0.2650000000 0.7334082309
0.2700000000 0.7485933635
0.2750000000 0.7645331865
0.2800000000 0.7812140931
0.2850000000 0.7986115805
0.2900000000 0.8166675431
0.2950000000 0.8353077223
0.3000000000 0.8544189528
0.3050000000 0.8738312095
0.3100000000 0.8932699493
0.3150000000 0.9122893881
0.3200000000 0.9301114498
0.3250000000 0.9452995413
0.3300000000 0.9552931820
0.3350000000 0.9568711033
0.3400000000 0.9493681320
0.3450000000 0.9355639018
0.3500000000 0.9184151322
0.3550000000 0.8996864631
0.3600000000 0.8803255408
0.3650000000 0.8608689701
0.3700000000 0.8416322219
0.3750000000 0.8228230123
0.3800000000 0.8045700450
0.3850000000 0.7869464542
0.3900000000 0.7700129425
0.3950000000 0.7538325982
0.4000000000 0.7383936328
0.4050000000 0.7237158072
0.4100000000 0.7098678701
0.4150000000 0.6967519137
0.4200000000 0.6844466970
0.4250000000 0.6729688373
0.4300000000 0.6622239975
0.4350000000 0.6522508079
0.4400000000 0.6430437509
0.4450000000 0.6346018962
0.4500000000 0.6269817375
0.4550000000 0.6200799939
0.4600000000 0.6139025587
0.4650000000 0.6084443941
0.4700000000 0.6037008052
0.4750000000 0.5997314042
0.4800000000 0.5965687832
0.4850000000 0.5940852921
0.4900000000 0.5922397376
0.4950000000 0.5910959805
0.5000000000 0.5908265183
0.5050000000 0.5912140345
0.5100000000 0.5922112651
0.5150000000 0.5939883829
0.5200000000 0.5964811710
0.5250000000 0.5996929103
0.5300000000 0.6036775814
0.5350000000 0.6084010801
0.5400000000 0.6138000913
0.5450000000 0.6199791392
0.5500000000 0.6269264977
0.5550000000 0.6346174620
0.5600000000 0.6430341022
0.5650000000 0.6521970273
0.5700000000 0.6621866382
0.5750000000 0.6729376343
0.5800000000 0.6844365915
0.5850000000 0.6967395599
0.5900000000 0.7098544203
0.5950000000 0.7237247957
0.6000000000 0.7383894838
0.6050000000 0.7538208290
0.6100000000 0.7700061587
0.6150000000 0.7869402642
0.6200000000 0.8045622108
0.6250000000 0.8228221292
0.6300000000 0.8416336520
0.6350000000 0.8608682279
0.6400000000 0.8803257142
0.6450000000 0.8996862673
0.6500000000 0.9184199596
0.6550000000 0.9355640243
0.6600000000 0.9493659437
0.6650000000 0.9568789299
0.6700000000 0.9552885868
0.6750000000 0.9452986216
0.6800000000 0.9301111431
0.6850000000 0.9122886959
0.6900000000 0.8932710426
0.6950000000 0.8738315547
0.7000000000 0.8544194916
0.7050000000 0.8353073921
0.7100000000 0.8166733268
0.7150000000 0.7986122810
0.7200000000 0.7812315082
0.7250000000 0.7645423852
0.7300000000 0.7485941394
0.7350000000 0.7333992518
0.7400000000 0.7190287781
0.7450000000 0.7053678380
0.7500000000 0.6925980173
0.7550000000 0.6805510472
0.7600000000 0.6692672113
0.7650000000 0.6587427360
0.7700000000 0.6490802606
0.7750000000 0.6401178820
0.7800000000 0.6319210645
0.7850000000 0.6245095647
0.7900000000 0.6178603320
0.7950000000 0.6119517697
0.8000000000 0.6068854243
0.8050000000 0.6023933257
0.8100000000 0.5985446320
0.8150000000 0.5956861415
0.8200000000 0.5934177893
0.8250000000 0.5917543765
0.8300000000 0.5909808665
0.8350000000 0.5908501186
0.8400000000 0.5914502590
0.8450000000 0.5927502883
0.8500000000 0.5947514144
0.8550000000 0.5974802447
0.8600000000 0.6009704483
0.8650000000 0.6051583166
0.8700000000 0.6100948373
0.8750000000 0.6157846375
0.8800000000 0.6222152829
0.8850000000 0.6293844505
0.8900000000 0.6373329758
0.8950000000 0.6460097902
0.9000000000 0.6554284831
0.9050000000 0.6656742084
0.9100000000 0.6766597340
0.9150000000 0.6884675780
0.9200000000 0.7010075881
0.9250000000 0.7143720315
0.9300000000 0.7285238924
0.9350000000 0.7434408997
0.9400000000 0.7591248575
0.9450000000 0.7755743649
0.9500000000 0.7927342234
0.9550000000 0.8105772587
0.9600000000 0.8290348343
0.9650000000 0.8480059034
0.9700000000 0.8673417444
0.9750000000 0.8868110263
0.9800000000 0.9060376090
0.9850000000 0.9243748267
0.9900000000 0.9406578772
0.9950000000 0.9527406100
1.0000000000 0.9574224952
