2.7392439266 0.0000000000 -1
2.7392252674 0.0000000000 -1
2.7394114066 -0.0000000011 -1
2.7399791020 -0.0000000265 -1
2.7409325914 -0.0000001435 -1
2.7422795396 -0.0000004638 -1
2.7440308364 -0.0000011461 -1
2.7462007556 -0.0000023920 -1
2.7488071696 -0.0000044520 -1
2.7518718370 -0.0000076124 -1
2.7554207770 -0.0000122236 -1
2.7594847542 -0.0000186749 -1
2.7640999122 -0.0000273875 -1
2.7693086026 -0.0000388506 -1
2.7751604834 -0.0000535460 -1
2.7817139924 -0.0000719953 -1
2.7890383614 -0.0000948161 -1
2.7972164130 -0.0001225442 -1
2.8063485374 -0.0001557409 -1
2.8165584882 -0.0001950155 -1
2.8280020772 -0.0002408907 -1
2.8408806816 -0.0002937972 -1
2.8554631008 -0.0003541081 -1
2.8721227140 -0.0004219299 -1
2.8914044418 -0.0004970283 -1
2.9141536310 -0.0005786180 -1
2.9417784012 -0.0006642731 -1
2.9767471928 -0.0007475968 -1
3.0224684824 -0.0008097666 -1
3.0751812826 -0.0008142742 -1
3.1210316310 -0.0007637962 -1
3.1578293638 -0.0006919787 -1
3.1884179390 -0.0006150728 1
3.2147675168 -0.0005393788 1
3.2380274842 -0.0004675305 1
3.2588992736 -0.0004008132 1
3.2778369858 -0.0003397477 1
3.2951494798 -0.0002846095 1
3.3110550710 -0.0002354576 1
3.3257126898 -0.0001921320 1
3.3392406566 -0.0001544303 1
3.3517285524 -0.0001220606 1
3.3632450424 -0.0000946632 1
3.3738432216 -0.0000718493 1
3.3835643806 -0.0000532097 1
3.3924407330 -0.0000382775 1
3.4004974356 -0.0000266203 1
3.4077541150 -0.0000177785 1
3.4142260418 -0.0000112942 1
3.4199250420 -0.0000067384 1
3.4248602146 -0.0000037031 1
3.4290384960 -0.0000018208 1
3.4324651056 -0.0000007633 1
3.4351438940 -0.0000002488 1
3.4370776094 -0.0000000516 1
3.4382680966 -0.0000000035 1
3.4387164344 0.0000000000 1
3.4387204666 0.0000000000 1
3.4384230176 -0.0000000014 1
3.4373875886 -0.0000000336 1
3.4356092166 -0.0000001879 1
3.4330862258 -0.0000006196 1
3.4298160714 -0.0000015423 1
3.4257951522 -0.0000032280 1
3.4210185612 -0.0000059915 1
3.4154797530 -0.0000102024 1
3.4091701232 -0.0000162441 1
3.4020784682 -0.0000245603 1
3.3941903054 -0.0000356028 1
3.3854870050 -0.0000497944 1
3.3759446776 -0.0000676336 1
3.3655327312 -0.0000895346 1
3.3542119688 -0.0001159516 1
3.3419320306 -0.0001472560 1
3.3286278818 -0.0001838018 1
3.3142148558 -0.0002259144 1
3.2985814490 -0.0002738749 1
3.2815784738 -0.0003277246 1
3.2630020646 -0.0003875537 1
3.2425657664 -0.0004531503 1
3.2198521436 -0.0005240124 1
3.1942236184 -0.0005990608 1
3.1646486148 -0.0006759817 -1
3.1293667134 -0.0007497763 -1
3.0856011546 -0.0008069870 -1
3.0333653534 -0.0008164610 -1
2.9853135792 -0.0007633814 -1
2.9483654800 -0.0006822431 -1
2.9194578946 -0.0005962790 -1
2.8958329164 -0.0005135764 -1
2.8759104412 -0.0004370286 -1
2.8587557366 -0.0003676444 -1
2.8437747978 -0.0003057675 -1
2.8305653630 -0.0002513621 -1
2.8188405650 -0.0002040299 -1
2.8083871256 -0.0001634313 -1
2.7990410428 -0.0001289926 -1
2.7906727106 -0.0001001760 -1
2.7831774150 -0.0000763740 -1
2.7764690418 -0.0000570684 -1
2.7704757844 -0.0000416259 -1
2.7651371384 -0.0000295383 -1
2.7604017492 -0.0000202948 -1
2.7562258408 -0.0000134087 -1
2.7525720494 -0.0000084459 -1
2.7494085446 -0.0000050120 -1
2.7467083610 -0.0000027470 -1
2.7444488844 -0.0000013519 -1
2.7426114568 -0.0000005697 -1
2.7411810730 -0.0000001874 -1
2.7401461512 -0.0000000402 -1
2.7394983638 -0.0000000028 -1
2.7392325196 0.0000000000 -1
2.7392249420 0.0000000000 -1
2.7393464930 -0.0000000003 -1
2.7398411950 -0.0000000172 -1
2.7407205854 -0.0000001094 -1
2.7419917272 -0.0000003805 -1
2.7436648844 -0.0000009791 -1
2.7457536704 -0.0000020989 -1
2.7482752512 -0.0000039827 -1
2.7512506186 -0.0000069097 -1
2.7547049444 -0.0000112277 -1
2.7586680446 -0.0000172892 -1
2.7631749792 -0.0000255240 -1
2.7682668404 -0.0000364398 -1
2.7739917914 -0.0000504549 -1
2.7804064594 -0.0000681659 -1
2.7875778286 -0.0000901148 -1
2.7955858652 -0.0001168356 -1
2.8045272278 -0.0001489629 -1
2.8145206496 -0.0001870658 -1
2.8257149674 -0.0002316111 -1
2.8383015014 -0.0002831672 -1
2.8525339266 -0.0003420128 -1
2.8687617084 -0.0004083850 -1
2.8874896556 -0.0004821677 -1
2.9094910856 -0.0005626520 -1
2.9360364366 -0.0006478235 -1
2.9693451340 -0.0007324828 -1
3.0128480236 -0.0008012198 -1
3.0653264924 -0.0008187362 -1
3.1130664674 -0.0007759340 -1
3.1513675230 -0.0007063160 -1
3.1829553720 -0.0006297835 1
3.2100062050 -0.0005535596 1
3.2337913772 -0.0004808924 1
3.2550779844 -0.0004131048 1
3.2743573536 -0.0003509212 1
3.2919608224 -0.0002946772 1
3.3081210582 -0.0002443750 1
3.3230065910 -0.0001999443 1
3.3367424114 -0.0001611967 1
3.3494228828 -0.0001278357 1
3.3611201880 -0.0000995433 1
3.3718900618 -0.0000758686 1
3.3817758108 -0.0000564900 1
3.3908112060 -0.0000408721 1
3.3990226200 -0.0000286256 1
3.4064306346 -0.0000192755 1
3.4130512738 -0.0000123737 1
3.4188969604 -0.0000074808 1
3.4239772656 -0.0000041829 1
3.4282995012 -0.0000021071 1
3.4318691844 -0.0000009150 1
3.4346904038 -0.0000003164 1
3.4367661010 -0.0000000734 1
3.4380982806 -0.0000000069 1
3.4386881594 0.0000000000 1
3.4387204694 0.0000000000 1
3.4385362590 -0.0000000004 1
3.4376424462 -0.0000000217 1
3.4360059224 -0.0000001428 1
3.4336251622 -0.0000005059 1
3.4304977986 -0.0000013166 1
3.4266204498 -0.0000028324 1
3.4219884800 -0.0000053639 1
3.4165956868 -0.0000092658 1
3.4104338958 -0.0000149282 1
3.4034924470 -0.0000227806 1
3.3957575442 -0.0000332591 1
3.3872114258 -0.0000468376 1
3.3778313060 -0.0000639373 1
3.3675880022 -0.0000850335 1
3.3564441328 -0.0001105361 1
3.3443517044 -0.0001408850 1
3.3312488118 -0.0001764142 1
3.3170550062 -0.0002174417 1
3.3016646040 -0.0002642497 1
3.2849366834 -0.0003169956 1
3.2666795374 -0.0003756812 1
3.2466253852 -0.0004402000 1
3.2243870002 -0.0005101153 1
3.1993787412 -0.0005845111 1
3.1706639680 -0.0006613423 -1
3.1366561586 -0.0007363803 -1
3.0947364968 -0.0007985517 -1
3.0435279908 -0.0008199857 -1
2.9935891224 -0.0007768370 -1
2.9546839652 -0.0006985163 -1
2.9245008820 -0.0006125645 -1
2.9000175474 -0.0005289686 -1
2.8794750576 -0.0004510864 -1
2.8618458992 -0.0003802987 -1
2.8464858120 -0.0003170218 -1
2.8329633550 -0.0002611955 -1
2.8209736146 -0.0002125403 -1
2.8102915388 -0.0001706969 -1
2.8007450898 -0.0001351153 -1
2.7921989600 -0.0001052801 -1
2.7845442494 -0.0000805821 -1
2.7776916756 -0.0000604444 -1
2.7715669668 -0.0000443046 -1
2.7661076500 -0.0000316194 -1
2.7612607610 -0.0000218550 -1
2.7569811786 -0.0000145635 -1
2.7532303908 -0.0000092612 -1
2.7499755688 -0.0000055673 -1
2.7471888628 -0.0000031027 -1
2.7448468622 -0.0000015629 -1
2.7429301802 -0.0000006831 -1
2.7414231344 -0.0000002388 -1
2.7403135046 -0.0000000568 -1
2.7395923528 -0.0000000055 -1
2.7392538966 0.0000000001 -1
2.7392249600 0.0000000000 -1
2.7392954286 0.0000000000 -1
2.7397172812 -0.0000000106 -1
2.7405228294 -0.0000000817 -1
2.7417185380 -0.0000003082 -1
2.7433140504 -0.0000008313 -1
2.7453223274 -0.0000018363 -1
2.7477598382 -0.0000035507 -1
2.7506468200 -0.0000062581 -1
2.7540076152 -0.0000102715 -1
2.7578711122 -0.0000159742 -1
2.7622713164 -0.0000237670 -1
2.7672480972 -0.0000341135 -1
2.7728481742 -0.0000475182 -1
2.7791264314 -0.0000644807 -1
2.7861477012 -0.0000855618 -1
2.7939892258 -0.0001113404 -1
2.8027441252 -0.0001423751 -1
2.8125264006 -0.0001792866 -1
2.8234783548 -0.0002225946 -1
2.8357819590 -0.0002727599 -1
2.8496769452 -0.0003302071 -1
2.8654909612 -0.0003951480 -1
2.8836926548 -0.0004675439 -1
2.9049912770 -0.0005468264 -1
2.9305359406 -0.0006313534 -1
2.9623183136 -0.0007168387 -1
3.0036263980 -0.0007907597 -1
3.0552354942 -0.0008207687 -1
3.1047435774 -0.0007870932 -1
3.1446650920 -0.0007205137 -1
3.1773302866 -0.0006445137 1
3.2051274178 -0.0005679115 1
3.2294650894 -0.0004943848 1
3.2511840814 -0.0004255916 1
3.2708169988 -0.0003623357 1
3.2887198150 -0.0003049484 1
3.3051407720 -0.0002535119 1
3.3202587316 -0.0002079660 1
3.3342058164 -0.0001681675 1
3.3470814744 -0.0001338030 1
3.3589616116 -0.0001045624 1
3.3699047484 -0.0000800505 1
3.3799563104 -0.0000598628 1
3.3891517038 -0.0000435715 1
3.3975185748 -0.0000307278 1
3.4050785048 -0.0000208584 1
3.4118483064 -0.0000135195 1
3.4178410260 -0.0000082766 1
3.4230667288 -0.0000047051 1
3.4275331182 -0.0000024249 1
3.4312460228 -0.0000010884 1
3.4342097800 -0.0000003969 1
3.4364275312 -0.0000001015 1
3.4379014472 -0.0000000123 1
3.4386328858 -0.0000000000 1
3.4387204720 0.0000000000 1
3.4386224970 -0.0000000000 1
3.4378702716 -0.0000000133 1
3.4363755408 -0.0000001063 1
3.4341369254 -0.0000004090 1
3.4311522306 -0.0000011157 1
3.4274182840 -0.0000024751 1
3.4229307112 -0.0000047876 1
3.4176836368 -0.0000083990 1
3.4116692982 -0.0000136958 1
3.4048775560 -0.0000210989 1
3.3972952696 -0.0000310364 1
3.3889055080 -0.0000439656 1
3.3796865388 -0.0000603939 1
3.3696105238 -0.0000806636 1
3.3586418100 -0.0001053136 1
3.3467346514 -0.0001346976 1
3.3338301056 -0.0001692182 1
3.3198517020 -0.0002091804 1
3.3046992192 -0.0002548835 1
3.2882394456 -0.0003064777 1
3.2702919366 -0.0003640521 1
