0.0000000000 0.5070022019
0.0050000000 0.5070680671
0.0100000000 0.5072397512
0.0150000000 0.5075407628
0.0200000000 0.5079483587
0.0250000000 0.5084848730
0.0300000000 0.5091297413
0.0350000000 0.5098988681
0.0400000000 0.5107812737
0.0450000000 0.5117788066
0.0500000000 0.5128967663
0.0550000000 0.5141247344
0.0600000000 0.5154707438
0.0650000000 0.5169310355
0.0700000000 0.5185023202
0.0750000000 0.5201840500
0.0800000000 0.5219798516
0.0850000000 0.5238854391
0.0900000000 0.5258992647
0.0950000000 0.5280191768
0.1000000000 0.5302441568
0.1050000000 0.5325720465
0.1100000000 0.5350014102
0.1150000000 0.5375297802
0.1200000000 0.5401547065
0.1250000000 0.5428737191
0.1300000000 0.5456833654
0.1350000000 0.5485813584
0.1400000000 0.5515637677
0.1450000000 0.5546257632
0.1500000000 0.5577657209
0.1550000000 0.5609784220
0.1600000000 0.5642574365
0.1650000000 0.5676002928
0.1700000000 0.5710002115
0.1750000000 0.5744513758
0.1800000000 0.5779487930
0.1850000000 0.5814845875
0.1900000000 0.5850534588
0.1950000000 0.5886466467
0.2000000000 0.5922578751
0.2050000000 0.5958783123
0.2100000000 0.5994999900
0.2150000000 0.6031141750
0.2200000000 0.6067118987
0.2250000000 0.6102838590
0.2300000000 0.6138202731
0.2350000000 0.6173117816
0.2400000000 0.6207486312
0.2450000000 0.6241201622
0.2500000000 0.6274164614
0.2550000000 0.6306273838
0.2600000000 0.6337431314
0.2650000000 0.6367539149
0.2700000000 0.6396505988
0.2750000000 0.6424237369
0.2800000000 0.6450647360
0.2850000000 0.6475656620
0.2900000000 0.6499195233
0.2950000000 0.6521180224
0.3000000000 0.6541576141
0.3050000000 0.6560336460
0.3100000000 0.6577393415
0.3150000000 0.6592736470
0.3200000000 0.6606369729
0.3250000000 0.6618263067
0.3300000000 0.6628445634
0.3350000000 0.6636919293
0.3400000000 0.6643736816
0.3450000000 0.6648919939
0.3500000000 0.6652523700
0.3550000000 0.6654634432
0.3600000000 0.6655317547
0.3650000000 0.6654642615
0.3700000000 0.6652709138
0.3750000000 0.6649615058
0.3800000000 0.6645461601
0.3850000000 0.6640358585
0.3900000000 0.6634419452
0.3950000000 0.6627751646
0.4000000000 0.6620471225
0.4050000000 0.6612694447
0.4100000000 0.6604534940
0.4150000000 0.6596100165
0.4200000000 0.6587506313
0.4250000000 0.6578857036
0.4300000000 0.6570253286
0.4350000000 0.6561793151
0.4400000000 0.6553572120
0.4450000000 0.6545668608
0.4500000000 0.6538183298
0.4550000000 0.6531166266
0.4600000000 0.6524711263
0.4650000000 0.6518857467
0.4700000000 0.6513680821
0.4750000000 0.6509206920
0.4800000000 0.6505504450
0.4850000000 0.6502578807
0.4900000000 0.6500485494
0.4950000000 0.6499216927
0.5000000000 0.6498786615
0.5050000000 0.6499199253
0.5100000000 0.6500474402
0.5150000000 0.6502578983
0.5200000000 0.6505503848
0.5250000000 0.6509206745
0.5300000000 0.6513681914
0.5350000000 0.6518856493
0.5400000000 0.6524710251
0.5450000000 0.6531165241
0.5500000000 0.6538181427
0.5550000000 0.6545674017
0.5600000000 0.6553568514
0.5650000000 0.6561793378
0.5700000000 0.6570253513
0.5750000000 0.6578856590
0.5800000000 0.6587506865
0.5850000000 0.6596102390
0.5900000000 0.6604534497
0.5950000000 0.6612696070
0.6000000000 0.6620472605
0.6050000000 0.6627750475
0.6100000000 0.6634416863
0.6150000000 0.6640358909
0.6200000000 0.6645461276
0.6250000000 0.6649612160
0.6300000000 0.6652703331
0.6350000000 0.6654633186
0.6400000000 0.6655305603
0.6450000000 0.6654637553
0.6500000000 0.6652526851
0.6550000000 0.6648911163
0.6600000000 0.6643734797
0.6650000000 0.6636926774
0.6700000000 0.6628448486
0.6750000000 0.6618277144
0.6800000000 0.6606375019
0.6850000000 0.6592741677
0.6900000000 0.6577393480
0.6950000000 0.6560333099
0.7000000000 0.6541579114
0.7050000000 0.6521186001
0.7100000000 0.6499188218
0.7150000000 0.6475652760
0.7200000000 0.6450644295
0.7250000000 0.6424233516
0.7300000000 0.6396503337
0.7350000000 0.6367538248
0.7400000000 0.6337427465
0.7450000000 0.6306268286
0.7500000000 0.6274157040
0.7550000000 0.6241194423
0.7600000000 0.6207482627
0.7650000000 0.6173116866
0.7700000000 0.6138205791
0.7750000000 0.6102837627
0.7800000000 0.6067118022
0.7850000000 0.6031142614
0.7900000000 0.5995000208
0.7950000000 0.5958783351
0.8000000000 0.5922577284
0.8050000000 0.5886469189
0.8100000000 0.5850529948
0.8150000000 0.5814850134
0.8200000000 0.5779482255
0.8250000000 0.5744518220
0.8300000000 0.5710000998
0.8350000000 0.5675997978
0.8400000000 0.5642580793
0.8450000000 0.5609782113
0.8500000000 0.5577658452
0.8550000000 0.5546260818
0.8600000000 0.5515632419
0.8650000000 0.5485808978
0.8700000000 0.5456831842
0.8750000000 0.5428732408
0.8800000000 0.5401544268
0.8850000000 0.5375285855
0.8900000000 0.5349999230
0.8950000000 0.5325703188
0.9000000000 0.5302431642
0.9050000000 0.5280189563
0.9100000000 0.5258999096
0.9150000000 0.5238861917
0.9200000000 0.5219798128
0.9250000000 0.5201864222
0.9300000000 0.5185037171
0.9350000000 0.5169291098
0.9400000000 0.5154719544
0.9450000000 0.5141270924
0.9500000000 0.5128932367
0.9550000000 0.5117821129
0.9600000000 0.5107779356
0.9650000000 0.5098994574
0.9700000000 0.5091304942
0.9750000000 0.5084853259
0.9800000000 0.5079495368
0.9850000000 0.5075407642
0.9900000000 0.5072396711
0.9950000000 0.5070680545
1.0000000000 0.5070022019
