2.3001950742 0.0000000000 -1
2.3001861846 0.0000000000 -1
2.3002326764 -0.0000000005 -1
2.3003746808 -0.0000000145 -1
2.3006136742 -0.0000000801 -1
2.3009522504 -0.0000002629 -1
2.3013940492 -0.0000006563 -1
2.3019437604 -0.0000013803 -1
2.3026071284 -0.0000025962 -1
2.3033909574 -0.0000044952 -1
2.3043031134 -0.0000072959 -1
2.3053525260 -0.0000113063 -1
2.3065491866 -0.0000168238 -1
2.3079041426 -0.0000242198 -1
2.3094294856 -0.0000339276 -1
2.3111383338 -0.0000464085 -1
2.3130448074 -0.0000622347 -1
2.3151639948 -0.0000819370 -1
2.3175119112 -0.0001062357 -1
2.3201054480 -0.0001357632 -1
2.3229623152 -0.0001712913 -1
2.3261009790 -0.0002136513 -1
2.3295405946 -0.0002635652 -1
2.3333009442 -0.0003219685 -1
2.3374023784 -0.0003896451 -1
2.3418657774 -0.0004675016 -1
2.3467125314 -0.0005562951 -1
2.3519645592 -0.0006568761 -1
2.3576443720 -0.0007699076 -1
2.3637751976 -0.0008960752 -1
2.3703811822 -0.0010360038 -1
2.3774876886 -0.0011899976 -1
2.3851217096 -0.0013585468 -1
2.3933124286 -0.0015419070 -1
2.4020919634 -0.0017400993 -1
2.4114963378 -0.0019531143 -1
2.4215667614 -0.0021808158 -1
2.4323513118 -0.0024227845 -1
2.4439071746 -0.0026785245 -1
2.4563036922 -0.0029474857 -1
2.4696265796 -0.0032289272 -1
2.4839839286 -0.0035217964 -1
2.4995150088 -0.0038248976 -1
2.5164036352 -0.0041368981 -1
2.5348992670 -0.0044559475 -1
2.5553517912 -0.0047794567 -1
2.5782714384 -0.0051038729 1
2.6044359450 -0.0054236486 1
2.6350778614 -0.0057285561 1
2.6721030344 -0.0059969178 1
2.7173090966 -0.0061777980 1
2.7670070054 -0.0061985115 1
2.8119172058 -0.0060674198 1
2.8495864844 -0.0058565071 1
2.8817608192 -0.0056101483 1
2.9100686578 -0.0053479980 1
2.9355699962 -0.0050792986 1
2.9589472356 -0.0048085851 1
2.9806567850 -0.0045388713 1
3.0010167894 -0.0042724195 1
3.0202571526 -0.0040100344 1
3.0385490170 -0.0037529391 1
3.0560228744 -0.0035019528 1
3.0727801162 -0.0032576353 1
3.0889006748 -0.0030204890 1
3.1044482398 -0.0027910675 1
3.1194739040 -0.0025696125 1
3.1340187702 -0.0023566828 1
3.1481158672 -0.0021525015 1
3.1617915750 -0.0019574271 1
3.1750667024 -0.0017716985 1
3.1879573192 -0.0015955651 1
3.2004754118 -0.0014291978 1
3.2126294066 -0.0012727574 1
3.2244245950 -0.0011263693 1
3.2358634942 -0.0009901103 1
3.2469461554 -0.0008639705 1
3.2576704374 -0.0007479223 1
3.2680322576 -0.0006418850 1
3.2780258264 -0.0005456956 1
3.2876438738 -0.0004591385 1
3.2968778698 -0.0003818965 1
3.3057182428 -0.0003136973 1
3.3141545962 -0.0002540710 1
3.3221759206 -0.0002025895 1
3.3297708060 -0.0001587102 1
3.3369276440 -0.0001218740 1
3.3436348240 -0.0000914617 1
3.3498809158 -0.0000668373 1
3.3556548388 -0.0000473508 1
3.3609460132 -0.0000323316 1
3.3657444934 -0.0000211069 -1
3.3700410798 -0.0000130306 -1
3.3738274128 -0.0000074923 -1
3.3770960462 -0.0000039217 -1
3.3798405024 -0.0000018008 -1
3.3820553148 -0.0000006806 -1
3.3837360550 -0.0000001863 -1
3.3848793512 -0.0000000267 -1
3.3854829000 -0.0000000005 -1
3.3855854546 0.0000000000 -1
3.3855454714 -0.0000000000 -1
3.3850669134 -0.0000000142 -1
3.3840481512 -0.0000001284 -1
3.3824911868 -0.0000005227 -1
3.3803990942 -0.0000014679 -1
3.3777760106 -0.0000033215 -1
3.3746271202 -0.0000065154 -1
3.3709586306 -0.0000115518 -1
3.3667777342 -0.0000189863 -1
3.3620925574 -0.0000294387 -1
3.3569120908 -0.0000435384 1
3.3512461016 -0.0000619498 1
3.3451050244 -0.0000853525 1
3.3384998336 -0.0001143868 1
3.3314418948 -0.0001497150 1
3.3239428000 -0.0001919463 1
3.3160141860 -0.0002416671 1
3.3076675408 -0.0002994327 1
3.2989140010 -0.0003656918 1
3.2897641416 -0.0004408625 1
3.2802277616 -0.0005253360 1
3.2703136676 -0.0006193525 1
3.2600294546 -0.0007232382 1
3.2493812856 -0.0008370775 1
3.2383736662 -0.0009610067 1
3.2270092104 -0.0010950769 1
3.2152883942 -0.0012392908 1
3.2032092862 -0.0013935416 1
3.1907672484 -0.0015578113 1
3.1779545882 -0.0017318380 1
3.1647601478 -0.0019155550 1
3.1511688034 -0.0021086759 1
3.1371608450 -0.0023109715 1
3.1227111852 -0.0025220644 1
3.1077883360 -0.0027417495 1
3.0923530758 -0.0029695843 1
3.0763566590 -0.0032052097 1
3.0597383666 -0.0034480640 1
3.0424221204 -0.0036978060 1
3.0243116764 -0.0039536749 1
3.0052835956 -0.0042150876 1
2.9851767026 -0.0044809173 1
2.9637756930 -0.0047500899 1
2.9407847128 -0.0050209327 1
2.9157828904 -0.0052905482 1
2.8881468258 -0.0055547609 1
2.8569151714 -0.0058056012 1
2.8205935894 -0.0060267204 1
2.7773114456 -0.0061806778 1
2.7280012990 -0.0061977793 1
2.6812154092 -0.0060462133 1
2.6425396860 -0.0057916909 1
2.6107165512 -0.0054925806 1
2.5837151550 -0.0051750158 1
2.5601750306 -0.0048512163 1
2.5392407784 -0.0045272356 1
2.5203563086 -0.0042072794 -1
2.5031437040 -0.0038936847 -1
2.4873355782 -0.0035884857 -1
2.4727361752 -0.0032933724 -1
2.4591980024 -0.0030094109 -1
2.4466071440 -0.0027376961 -1
2.4348736636 -0.0024789710 -1
2.4239251108 -0.0022339402 -1
2.4137019830 -0.0020031343 -1
2.4041544670 -0.0017868780 -1
2.3952400476 -0.0015853595 -1
2.3869217202 -0.0013987225 -1
2.3791666354 -0.0012268628 -1
2.3719450674 -0.0010695674 -1
2.3652296266 -0.0009265250 -1
2.3589946610 -0.0007973042 -1
2.3532158148 -0.0006813908 -1
2.3478697060 -0.0005781132 -1
2.3429337048 -0.0004866797 -1
2.3383857940 -0.0004064512 -1
2.3342044924 -0.0003365197 -1
2.3303688282 -0.0002760856 -1
2.3268583490 -0.0002243183 -1
2.3236531590 -0.0001803357 -1
2.3207339732 -0.0001433056 -1
2.3180821790 -0.0001124734 -1
2.3156799028 -0.0000870569 -1
2.3135100738 -0.0000663660 -1
2.3115564838 -0.0000497161 -1
2.3098038384 -0.0000365144 -1
2.3082378014 -0.0000262193 -1
2.3068450304 -0.0000183204 -1
2.3056132034 -0.0000124156 -1
2.3045310382 -0.0000080945 -1
2.3035883056 -0.0000050466 -1
2.3027758366 -0.0000029649 -1
2.3020855242 -0.0000016112 -1
2.3015103246 -0.0000007877 -1
2.3010442526 -0.0000003300 -1
2.3006823792 -0.0000001087 -1
2.3004208262 -0.0000000230 -1
2.3002567618 -0.0000000015 -1
2.3001883976 0.0000000000 -1
2.3001861058 -0.0000000000 -1
2.3002149856 -0.0000000001 -1
2.3003368182 -0.0000000089 -1
2.3005552270 -0.0000000591 -1
2.3008725862 -0.0000002108 -1
2.3012923152 -0.0000005498 -1
2.3018188822 -0.0000011934 -1
2.3024578100 -0.0000022907 -1
2.3032156792 -0.0000040262 -1
2.3041001322 -0.0000066142 -1
2.3051198748 -0.0000103518 -1
2.3062846758 -0.0000155204 -1
2.3076053606 -0.0000224979 -1
2.3090938028 -0.0000316631 -1
2.3107629060 -0.0000435261 -1
2.3126265826 -0.0000585898 -1
2.3146997204 -0.0000774371 -1
2.3169981432 -0.0001007112 -1
2.3195385628 -0.0001290776 -1
2.3223385222 -0.0001632776 -1
2.3254163336 -0.0002041180 -1
2.3287910132 -0.0002523854 -1
2.3324822158 -0.0003089400 -1
2.3365101770 -0.0003746131 -1
2.3408956676 -0.0004502287 -1
2.3456599706 -0.0005366627 -1
2.3508248902 -0.0006346989 -1
2.3564128044 -0.0007450414 -1
2.3624467764 -0.0008684173 -1
2.3689507386 -0.0010053820 -1
2.3759497670 -0.0011564300 -1
2.3834704706 -0.0013218746 -1
2.3915415172 -0.0015021152 -1
2.4001943346 -0.0016971716 -1
2.4094640308 -0.0019070844 -1
2.4193905998 -0.0021316936 -1
2.4300205096 -0.0023706993 -1
2.4414088088 -0.0026235962 -1
2.4536219776 -0.0028898203 -1
2.4667418600 -0.0031687582 -1
2.4808712236 -0.0034592670 -1
2.4961418566 -0.0037601959 -1
2.5127267746 -0.0040707445 -1
2.5308593184 -0.0043882812 -1
2.5508643570 -0.0047111181 -1
2.5732115178 -0.0050358156 1
2.5986098918 -0.0053571870 1
2.6281761086 -0.0056661975 1
2.6636690650 -0.0059453747 1
2.7071474766 -0.0061508365 1
2.7566898102 -0.0062092226 1
2.8031043952 -0.0061038354 1
2.8421842924 -0.0059047098 1
2.8753582218 -0.0056637702 1
2.9043750324 -0.0054040765 1
2.9304002534 -0.0051360840 1
2.9541805210 -0.0048655106 1
2.9762107880 -0.0045955421 1
2.9968331952 -0.0043281263 1
3.0162932472 -0.0040648413 1
3.0347726594 -0.0038066018 1
3.0524093442 -0.0035542284 1
3.0693100774 -0.0033084462 1
3.0855588082 -0.0030697582 1
3.1012222966 -0.0028386342 1
3.1163540400 -0.0026154989 1
3.1309970646 -0.0024007616 1
3.1451859664 -0.0021947146 1
3.1589484234 -0.0019977048 1
3.1723063406 -0.0018099921 1
3.1852767256 -0.0016317970 1
3.1978723762 -0.0014633744 1
3.2101024298 -0.0013048337 1
3.2219728054 -0.0011563661 1
3.2334865768 -0.0010179220 1
3.2446442902 -0.0008896696 1
3.2554442442 -0.0007714976 1
3.2658827450 -0.0006633720 1
3.2759543426 -0.0005651107 1
3.2856520604 -0.0004765215 1
3.2949676150 -0.0003974010 1
3.3038916362 -0.0003273120 1
3.3124138828 -0.0002659351 1
3.3205234568 -0.0002127725 1
3.3282090154 -0.0001673369 1
3.3354589754 -0.0001290665 1
3.3422617108 -0.0000973643 1
3.3486057392 -0.0000715836 1
3.3544798928 -0.0000510614 1
3.3598734754 -0.0000351547 1
3.3647763972 -0.0000231825 -1
3.3691792940 -0.0000144996 -1
3.3730736224 -0.0000084766 -1
3.3764517386 -0.0000045361 -1
3.3793069576 -0.0000021492 -1
3.3816335976 -0.0000008527 -1
3.3834270096 -0.0000002541 -1
3.3846835986 -0.0000000438 -1
3.3854008356 -0.0000000016 -1
3.3855854556 0.0000000000 -1
3.3855772646 0.0000000000 -1
3.3852125066 -0.0000000072 -1
3.3843072604 -0.0000000885 -1
