0.0000000000 0.9691308329
0.0050000000 0.9608381219
0.0100000000 0.9420868312
0.0150000000 0.9194148892
0.0200000000 0.8954073098
0.0250000000 0.8710997089
0.0300000000 0.8469825992
0.0350000000 0.8233162982
0.0400000000 0.8002469506
0.0450000000 0.7778672506
0.0500000000 0.7562113899
0.0550000000 0.7353343849
0.0600000000 0.7152158578
0.0650000000 0.6958713467
0.0700000000 0.6773328264
0.0750000000 0.6595365590
0.0800000000 0.6424805659
0.0850000000 0.6262021505
0.0900000000 0.6105974821
0.0950000000 0.5957115752
0.1000000000 0.5815585490
0.1050000000 0.5680279889
0.1100000000 0.5551428371
0.1150000000 0.5428849181
0.1200000000 0.5312362831
0.1250000000 0.5202344320
0.1300000000 0.5097667119
0.1350000000 0.4998388163
0.1400000000 0.4904363499
0.1450000000 0.4815605467
0.1500000000 0.4732792390
0.1550000000 0.4655480345
0.1600000000 0.4581208297
0.1650000000 0.4512824549
0.1700000000 0.4448995370
0.1750000000 0.4388196747
0.1800000000 0.4333842497
0.1850000000 0.4282726957
0.1900000000 0.4235002612
0.1950000000 0.4194057208
0.2000000000 0.4153747183
0.2050000000 0.4120201300
0.2100000000 0.4088044251
0.2150000000 0.4061755704
0.2200000000 0.4037482815
0.2250000000 0.4018270917
0.2300000000 0.4001677591
0.2350000000 0.3989409238
0.2400000000 0.3980354785
0.2450000000 0.3974763780
0.2500000000 0.3972804439
0.2550000000 0.3974925672
0.2600000000 0.3979678378
0.2650000000 0.3989341094
0.2700000000 0.4001037894
0.2750000000 0.4018123138
0.2800000000 0.4036856872
0.2850000000 0.4061494857
0.2900000000 0.4087328419
0.2950000000 0.4118869033
0.3000000000 0.4154020848
0.3050000000 0.4192464322
0.3100000000 0.4235306705
0.3150000000 0.4282565452
0.3200000000 0.4333521485
0.3250000000 0.4388285404
0.3300000000 0.4448120008
0.3350000000 0.4512368876
0.3400000000 0.4581194789
0.3450000000 0.4654707587
0.3500000000 0.4732957307
0.3550000000 0.4815927093
0.3600000000 0.4904384281
0.3650000000 0.4998102417
0.3700000000 0.5097237468
0.3750000000 0.5201951273
0.3800000000 0.5312206682
0.3850000000 0.5428434168
0.3900000000 0.5551102526
0.3950000000 0.5679997325
0.4000000000 0.5815007519
0.4050000000 0.5957149349
0.4100000000 0.6105817778
0.4150000000 0.6261760755
0.4200000000 0.6424858603
0.4250000000 0.6595294674
0.4300000000 0.6773220014
0.4350000000 0.6958778992
0.4400000000 0.7152116437
0.4450000000 0.7353184413
0.4500000000 0.7562069118
0.4550000000 0.7778606398
0.4600000000 0.8002448761
0.4650000000 0.8233159110
0.4700000000 0.8469826402
0.4750000000 0.8710997239
0.4800000000 0.8954073756
0.4850000000 0.9194151361
0.4900000000 0.9420884141
0.4950000000 0.9608389612
0.5000000000 0.9691288111
0.5050000000 0.9608386825
0.5100000000 0.9420889720
0.5150000000 0.9194159203
0.5200000000 0.8954069907
0.5250000000 0.8710992440
0.5300000000 0.8469816104
0.5350000000 0.8233159432
0.5400000000 0.8002453728
0.5450000000 0.7778612980
0.5500000000 0.7562140318
0.5550000000 0.7353349882
0.5600000000 0.7152236978
0.5650000000 0.6958880354
0.5700000000 0.6773345203
0.5750000000 0.6595103859
0.5800000000 0.6424893597
0.5850000000 0.6261743906
0.5900000000 0.6106172266
0.5950000000 0.5957186868
0.6000000000 0.5815129984
0.6050000000 0.5679935230
0.6100000000 0.5551202242
0.6150000000 0.5428748227
0.6200000000 0.5312392769
0.6250000000 0.5202223611
0.6300000000 0.5097024631
0.6350000000 0.4998007636
0.6400000000 0.4904662702
0.6450000000 0.4816440465
0.6500000000 0.4733085857
0.6550000000 0.4654702079
0.6600000000 0.4581665524
0.6650000000 0.4513154615
0.6700000000 0.4448207879
0.6750000000 0.4389326570
0.6800000000 0.4333485289
0.6850000000 0.4282585651
0.6900000000 0.4235952934
0.6950000000 0.4192513942
0.7000000000 0.4155697065
0.7050000000 0.4119489585
0.7100000000 0.4089291485
0.7150000000 0.4061944888
0.7200000000 0.4037633465
0.7250000000 0.4019032366
0.7300000000 0.4000737759
0.7350000000 0.3990289128
0.7400000000 0.3980232192
0.7450000000 0.3975515583
0.7500000000 0.3973893445
0.7550000000 0.3974291953
0.7600000000 0.3979979367
0.7650000000 0.3989029372
0.7700000000 0.4000956720
0.7750000000 0.4017939450
0.7800000000 0.4036583789
0.7850000000 0.4061239150
0.7900000000 0.4088031024
0.7950000000 0.4119248335
0.8000000000 0.4153988038
0.8050000000 0.4192444197
0.8100000000 0.4235047786
0.8150000000 0.4282499419
0.8200000000 0.4333602983
0.8250000000 0.4388409031
0.8300000000 0.4448162195
0.8350000000 0.4512349207
0.8400000000 0.4581192091
0.8450000000 0.4654701714
0.8500000000 0.4733004723
0.8550000000 0.4816234140
0.8600000000 0.4904378444
0.8650000000 0.4998117109
0.8700000000 0.5097243876
0.8750000000 0.5201918145
0.8800000000 0.5312304645
0.8850000000 0.5428347066
0.8900000000 0.5551144932
0.8950000000 0.5679962521
0.9000000000 0.5814992826
0.9050000000 0.5957151852
0.9100000000 0.6105916101
0.9150000000 0.6261748776
0.9200000000 0.6424794317
0.9250000000 0.6595271527
0.9300000000 0.6773170986
0.9350000000 0.6958718620
0.9400000000 0.7152135856
0.9450000000 0.7353252239
0.9500000000 0.7562108666
0.9550000000 0.7778628975
0.9600000000 0.8002468384
0.9650000000 0.8233145974
0.9700000000 0.8469816421
0.9750000000 0.8710993799
0.9800000000 0.8954071973
0.9850000000 0.9194150919
0.9900000000 0.9420879072
0.9950000000 0.9608400338
1.0000000000 0.9691308329
