2.8189908794 0.0000000000 -1
2.8189901204 0.0000000000 -1
2.8192882612 -0.0000000014 -1
2.8201998268 -0.0000000297 -1
2.8217358132 -0.0000001594 -1
2.8239158598 -0.0000005117 -1
2.8267685878 -0.0000012579 -1
2.8303328440 -0.0000026267 -1
2.8346595360 -0.0000048709 -1
2.8398143112 -0.0000083082 -1
2.8458814816 -0.0000132884 -1
2.8529698876 -0.0000202126 -1
2.8612219038 -0.0000296753 -1
2.8708278138 -0.0000419493 -1
2.8820499036 -0.0000576231 -1
2.8952654442 -0.0000770653 -1
2.9110497562 -0.0001007827 -1
2.9303542110 -0.0001289057 -1
2.9549400690 -0.0001609831 -1
2.9885370142 -0.0001943229 -1
3.0370993434 -0.0002156069 -1
3.0871387662 -0.0002028750 -1
3.1239529476 -0.0001740685 -1
3.1523072576 -0.0001437541 -1
3.1755405808 -0.0001155951 -1
3.1952628540 -0.0000907920 1
3.2123455420 -0.0000696173 1
3.2273114028 -0.0000519976 1
3.2404980096 -0.0000376721 1
3.2521351562 -0.0000263837 1
3.2623853578 -0.0000177439 1
3.2713667744 -0.0000113686 1
3.2791670158 -0.0000068735 1
3.2858518770 -0.0000038249 1
3.2914710776 -0.0000019154 1
3.2960621492 -0.0000008217 1
3.2996531154 -0.0000002784 1
3.3022643550 -0.0000000620 1
3.3039098832 -0.0000000051 1
3.3045981984 0.0000000000 1
3.3046215770 0.0000000000 1
3.3043327804 -0.0000000007 1
3.3031122924 -0.0000000250 1
3.3009305040 -0.0000001534 1
3.2977759276 -0.0000005275 1
3.2936311346 -0.0000013449 1
3.2884716814 -0.0000028547 1
3.2822645262 -0.0000053607 1
3.2749657486 -0.0000091738 1
3.2665172578 -0.0000146775 1
3.2568419798 -0.0000222382 1
3.2458366340 -0.0000323119 1
3.2333605256 -0.0000452661 1
3.2192173606 -0.0000613812 1
3.2031240448 -0.0000809498 1
3.1846532322 -0.0001041674 1
3.1631175602 -0.0001309047 -1
3.1373084964 -0.0001605126 -1
3.1048354910 -0.0001908416 -1
3.0608728562 -0.0002138288 -1
3.0080777202 -0.0002069229 -1
2.9683743370 -0.0001759620 -1
2.9404457218 -0.0001426902 -1
2.9190943468 -0.0001127063 -1
2.9019003320 -0.0000870795 -1
2.8876336612 -0.0000657640 -1
2.8755836600 -0.0000484872 -1
2.8652992478 -0.0000347516 -1
2.8564741458 -0.0000241049 -1
2.8488899526 -0.0000161141 -1
2.8423852722 -0.0000102997 -1
2.8368377618 -0.0000062250 -1
2.8321531108 -0.0000034914 -1
2.8282579780 -0.0000017738 -1
2.8250953146 -0.0000007807 -1
2.8226211972 -0.0000002787 -1
2.8208026560 -0.0000000681 -1
2.8196161928 -0.0000000075 -1
2.8190467988 0.0000000001 -1
2.8189896436 0.0000000000 -1
2.8190873588 0.0000000000 -1
2.8197383776 -0.0000000109 -1
2.8210079996 -0.0000000850 -1
2.8229123228 -0.0000003244 -1
2.8254760408 -0.0000008822 -1
2.8287334846 -0.0000019573 -1
2.8327301826 -0.0000037933 -1
2.8375251446 -0.0000066921 -1
2.8431941944 -0.0000109614 -1
2.8498349028 -0.0000169828 -1
2.8575740666 -0.0000253355 -1
2.8665794376 -0.0000363796 -1
2.8770789530 -0.0000505482 -1
2.8893940828 -0.0000683619 -1
2.9040019754 -0.0000902391 -1
2.9216625164 -0.0001164569 -1
2.9437108606 -0.0001469823 -1
2.9728236566 -0.0001804329 -1
3.0146335878 -0.0002099233 -1
3.0675939746 -0.0002118846 -1
3.1096893602 -0.0001869169 -1
3.1410606028 -0.0001564671 -1
3.1661990040 -0.0001271314 -1
3.1872721076 -0.0001008390 1
3.2053939186 -0.0000781431 1
3.2212067370 -0.0000590345 1
3.2351138010 -0.0000433545 1
3.2473841018 -0.0000308237 1
3.2582050998 -0.0000210879 1
3.2677116506 -0.0000138273 1
3.2760030056 -0.0000085855 1
3.2831533578 -0.0000049580 1
3.2892186720 -0.0000026062 1
3.2942412558 -0.0000012028 1
3.2982528914 -0.0000004568 1
3.3012770094 -0.0000001261 1
3.3033301942 -0.0000000182 1
3.3044232010 -0.0000000002 1
3.3046215992 0.0000000000 1
3.3045615940 0.0000000000 1
3.3037460698 -0.0000000081 1
3.3019724978 -0.0000000786 1
3.2992316808 -0.0000003272 1
3.2955088128 -0.0000009297 1
3.2907825812 -0.0000021151 1
3.2850238188 -0.0000041592 1
3.2781935462 -0.0000073778 1
3.2702401590 -0.0000121045 1
3.2610953388 -0.0000187546 1
3.2506679932 -0.0000277280 1
3.2388349966 -0.0000394037 1
3.2254264640 -0.0000541455 1
3.2102011182 -0.0000722311 1
3.1928023580 -0.0000938996 1
3.1726732802 -0.0001191784 -1
3.1488744250 -0.0001476802 -1
3.1196422922 -0.0001782156 -1
3.0812900576 -0.0002061002 -1
3.0298484656 -0.0002145639 -1
2.9833134318 -0.0001900807 -1
2.9512575752 -0.0001564948 -1
2.9275286372 -0.0001249056 -1
2.9087700402 -0.0000974095 -1
2.8933719068 -0.0000742879 -1
2.8804496054 -0.0000553365 -1
2.8694614872 -0.0000401608 -1
2.8600491836 -0.0000282667 -1
2.8519619306 -0.0000191554 -1
2.8450169420 -0.0000125237 -1
2.8390769920 -0.0000077567 -1
2.8340369424 -0.0000045061 -1
2.8298152544 -0.0000023974 -1
2.8263484388 -0.0000011306 -1
2.8235873268 -0.0000004464 -1
2.8214945256 -0.0000001322 -1
2.8200426712 -0.0000000223 -1
2.8192132520 -0.0000000006 -1
2.8189896332 0.0000000000 -1
2.8189958608 0.0000000000 -1
2.8193877898 -0.0000000027 -1
2.8203939272 -0.0000000404 -1
2.8220269436 -0.0000001945 -1
2.8243077910 -0.0000005947 -1
2.8272665614 -0.0000014205 -1
2.8309438098 -0.0000029041 -1
2.8353925000 -0.0000053133 -1
2.8406808410 -0.0000089568 -1
2.8468964564 -0.0000142156 -1
2.8541526310 -0.0000215237 -1
2.8625979594 -0.0000313581 -1
2.8724318482 -0.0000441049 -1
2.8839307238 -0.0000603612 -1
2.8974953018 -0.0000804289 -1
2.9137432392 -0.0001048091 -1
2.9337113236 -0.0001335478 -1
2.9593585306 -0.0001660954 -1
2.9948901370 -0.0001989734 -1
3.0454541438 -0.0002159050 -1
3.0935368642 -0.0001989239 -1
3.1287243520 -0.0001693777 -1
3.1561398506 -0.0001392308 -1
3.1787573182 -0.0001115751 1
3.1980308940 -0.0000872980 1
3.2147618118 -0.0000666956 1
3.2294369734 -0.0000496077 1
3.2423737148 -0.0000357724 1
3.2537894972 -0.0000248934 1
3.2638388596 -0.0000166323 1
3.2726345544 -0.0000105838 1
3.2802603812 -0.0000063240 1
3.2867793600 -0.0000034681 1
3.2922391306 -0.0000017013 1
3.2966756200 -0.0000007088 1
3.3001155788 -0.0000002289 1
3.3025783414 -0.0000000464 1
3.3040770340 -0.0000000029 1
3.3046193626 0.0000000000 1
3.3046216094 0.0000000000 1
3.3042080642 -0.0000000015 1
3.3028410656 -0.0000000349 1
3.3005113630 -0.0000001903 1
3.2972066132 -0.0000006179 1
3.2929083954 -0.0000015262 1
3.2875910676 -0.0000031666 1
3.2812200932 -0.0000058531 1
3.2737496276 -0.0000099032 1
3.2651190362 -0.0000156708 1
3.2552477802 -0.0000236077 1
3.2440277118 -0.0000341262 1
3.2313110432 -0.0000475147 1
3.2168906722 -0.0000641505 1
3.2004661008 -0.0000842544 1
3.1815798892 -0.0001080329 1
3.1594875822 -0.0001352892 -1
3.1328586544 -0.0001652041 -1
3.0990126914 -0.0001952131 -1
3.0528571324 -0.0002152835 -1
3.0009401428 -0.0002029534 -1
2.9635147916 -0.0001707721 -1
2.9368353928 -0.0001378664 -1
2.9162344592 -0.0001085133 -1
2.8995503244 -0.0000835421 -1
2.8856603504 -0.0000628796 -1
2.8739051104 -0.0000461487 -1
2.8638610862 -0.0000329438 -1
2.8552382504 -0.0000227252 -1
2.8478284992 -0.0000151028 -1
2.8414773520 -0.0000095461 -1
2.8360673444 -0.0000057320 -1
2.8315077582 -0.0000031720 -1
2.8277280016 -0.0000015828 -1
2.8246732092 -0.0000006796 -1
2.8223012538 -0.0000002311 -1
2.8205806964 -0.0000000523 -1
2.8194893902 -0.0000000046 -1
2.8190135636 0.0000000000 -1
2.8189896580 0.0000000000 -1
2.8191472776 -0.0000000002 -1
2.8198921968 -0.0000000162 -1
2.8212576544 -0.0000001082 -1
2.8232610124 -0.0000003847 -1
2.8259283604 -0.0000010066 -1
2.8292956252 -0.0000021810 -1
2.8334102280 -0.0000041594 -1
2.8383335028 -0.0000072447 -1
2.8441442300 -0.0000117559 -1
2.8509438856 -0.0000180564 -1
2.8588646320 -0.0000268539 -1
2.8680819298 -0.0000383448 -1
2.8788353746 -0.0000530430 -1
2.8914651882 -0.0000714159 -1
2.9064810914 -0.0000939598 -1
2.9247054472 -0.0001208437 -1
2.9476095888 -0.0001519696 -1
2.9782064738 -0.0001855704 -1
3.0225154672 -0.0002127595 -1
3.0749754126 -0.0002089942 -1
3.1150341754 -0.0001822895 -1
3.1452368842 -0.0001518236 -1
3.1696500282 -0.0001228846 -1
3.1902153938 -0.0000971479 1
3.2079501236 -0.0000749800 1
3.2234495048 -0.0000564049 1
3.2370912626 -0.0000412593 1
3.2491293006 -0.0000291819 1
3.2597415468 -0.0000197560 1
3.2690565150 -0.0000129081 1
3.2771690558 -0.0000079311 1
