0.0000000000 0.7430269749
0.0050000000 0.7433610926
0.0100000000 0.7442367823
0.0150000000 0.7457401011
0.0200000000 0.7478068282
0.0250000000 0.7504843603
0.0300000000 0.7537050316
0.0350000000 0.7575415594
0.0400000000 0.7619202366
0.0450000000 0.7668319352
0.0500000000 0.7722907863
0.0550000000 0.7782661212
0.0600000000 0.7847194187
0.0650000000 0.7916253909
0.0700000000 0.7989583817
0.0750000000 0.8066674574
0.0800000000 0.8147029550
0.0850000000 0.8230044016
0.0900000000 0.8314902562
0.0950000000 0.8400703249
0.1000000000 0.8486309012
0.1050000000 0.8570404581
0.1100000000 0.8651348648
0.1150000000 0.8727335166
0.1200000000 0.8796219559
0.1250000000 0.8855765360
0.1300000000 0.8903467001
0.1350000000 0.8937252597
0.1400000000 0.8955186626
0.1450000000 0.8956463337
0.1500000000 0.8940780189
0.1550000000 0.8909209006
0.1600000000 0.8863333702
0.1650000000 0.8805350772
0.1700000000 0.8737681404
0.1750000000 0.8662561172
0.1800000000 0.8582185100
0.1850000000 0.8498449262
0.1900000000 0.8412972048
0.1950000000 0.8327134622
0.2000000000 0.8242078667
0.2050000000 0.8158786134
0.2100000000 0.8078010955
0.2150000000 0.8000448931
0.2200000000 0.7926398262
0.2250000000 0.7856837828
0.2300000000 0.7791542598
0.2350000000 0.7731137090
0.2400000000 0.7675951580
0.2450000000 0.7625828093
0.2500000000 0.7581408276
0.2550000000 0.7542275559
0.2600000000 0.7509172841
0.2650000000 0.7481401165
0.2700000000 0.7460058246
0.2750000000 0.7444369683
0.2800000000 0.7434264297
0.2850000000 0.7430668819
0.2900000000 0.7432813349
0.2950000000 0.7440622902
0.3000000000 0.7454915727
0.3050000000 0.7474595327
0.3100000000 0.7500701328
0.3150000000 0.7532152294
0.3200000000 0.7569564608
0.3250000000 0.7612634866
0.3300000000 0.7660978021
0.3350000000 0.7714869098
0.3400000000 0.7773848957
0.3450000000 0.7837574702
0.3500000000 0.7906050585
0.3550000000 0.7978799029
0.3600000000 0.8055426806
0.3650000000 0.8135395445
0.3700000000 0.8218037711
0.3750000000 0.8302705748
0.3800000000 0.8388429664
0.3850000000 0.8474148006
0.3900000000 0.8558529578
0.3950000000 0.8640071807
0.4000000000 0.8716855419
0.4050000000 0.8786906158
0.4100000000 0.8847903722
0.4150000000 0.8897500979
0.4200000000 0.8933326103
0.4250000000 0.8953650849
0.4300000000 0.8957274040
0.4350000000 0.8944016623
0.4400000000 0.8914632342
0.4450000000 0.8870670802
0.4500000000 0.8814305405
0.4550000000 0.8747828038
0.4600000000 0.8673680653
0.4650000000 0.8593913828
0.4700000000 0.8510551179
0.4750000000 0.8425232635
0.4800000000 0.8339372249
0.4850000000 0.8254154265
0.4900000000 0.8170536577
0.4950000000 0.8089336928
0.5000000000 0.8011280720
0.5050000000 0.7936825337
0.5100000000 0.7866408078
0.5150000000 0.7800570656
0.5200000000 0.7739532845
0.5250000000 0.7683464556
0.5300000000 0.7632713039
0.5350000000 0.7587378264
0.5400000000 0.7547537982
0.5450000000 0.7513533040
0.5500000000 0.7485249093
0.5550000000 0.7462551211
0.5600000000 0.7446223578
0.5650000000 0.7435568637
0.5700000000 0.7430702745
0.5750000000 0.7432106101
0.5800000000 0.7439317157
0.5850000000 0.7452368890
0.5900000000 0.7471628959
0.5950000000 0.7496456535
0.6000000000 0.7527376019
0.6050000000 0.7563948299
0.6100000000 0.7605966627
0.6150000000 0.7653786450
0.6200000000 0.7706878602
0.6250000000 0.7765032151
0.6300000000 0.7828166434
0.6350000000 0.7895981981
0.6400000000 0.7968158677
0.6450000000 0.8044237845
0.6500000000 0.8123758591
0.6550000000 0.8206100060
0.6600000000 0.8290521875
0.6650000000 0.8376156416
0.6700000000 0.8461947076
0.6750000000 0.8546613720
0.6800000000 0.8628627956
0.6850000000 0.8706260736
0.6900000000 0.8777409824
0.6950000000 0.8839874934
0.7000000000 0.8891159490
0.7050000000 0.8929145620
0.7100000000 0.8951732832
0.7150000000 0.8957798289
0.7200000000 0.8946960840
0.7250000000 0.8919753307
0.7300000000 0.8877760074
0.7350000000 0.8823020103
0.7400000000 0.8757851127
0.7450000000 0.8684668638
0.7500000000 0.8605561017
0.7550000000 0.8522626346
0.7600000000 0.8437482641
0.7650000000 0.8351628177
0.7700000000 0.8266252571
0.7750000000 0.8182338084
0.7800000000 0.8100767243
0.7850000000 0.8022198204
0.7900000000 0.7947245459
0.7950000000 0.7876256371
0.8000000000 0.7809581687
0.8050000000 0.7747960017
0.8100000000 0.7691196544
0.8150000000 0.7639483879
0.8200000000 0.7593603565
0.8250000000 0.7552727786
0.8300000000 0.7518103670
0.8350000000 0.7488709550
0.8400000000 0.7465558047
0.8450000000 0.7448325704
0.8500000000 0.7436868009
0.8550000000 0.7431208529
0.8600000000 0.7431378102
0.8650000000 0.7437990817
0.8700000000 0.7450112721
0.8750000000 0.7468540235
0.8800000000 0.7492494269
0.8850000000 0.7522678549
0.8900000000 0.7558283632
0.8950000000 0.7599665448
0.9000000000 0.7646680825
0.9050000000 0.7698949184
0.9100000000 0.7756334956
0.9150000000 0.7818898055
0.9200000000 0.7886096355
0.9250000000 0.7957669020
0.9300000000 0.8033220862
0.9350000000 0.8112210892
0.9400000000 0.8194204973
0.9450000000 0.8278354163
0.9500000000 0.8363886014
0.9550000000 0.8449728034
0.9600000000 0.8534640258
0.9650000000 0.8617166070
0.9700000000 0.8695524864
0.9750000000 0.8767700603
0.9800000000 0.8831541491
0.9850000000 0.8884650751
0.9900000000 0.8924587727
0.9950000000 0.8949526167
1.0000000000 0.8958053761
