2.0014407872 0.0000000000 -1
2.0014388678 0.0000000000 -1
2.0014412852 0.0000000003 -1
2.0014491304 0.0000000003 -1
2.0014638702 -0.0000000037 -1
2.0014879634 -0.0000000201 -1
2.0015248612 -0.0000000630 -1
2.0015790104 -0.0000001629 -1
2.0016558578 -0.0000003483 -1
2.0017618556 -0.0000007111 -1
2.0019044644 -0.0000013017 -1
2.0020921562 -0.0000023693 -1
2.0023344140 -0.0000039996 -1
2.0026417296 -0.0000064526 -1
2.0030255934 -0.0000100153 -1
2.0034984812 -0.0000150977 -1
2.0040738298 -0.0000221347 -1
2.0047660046 -0.0000316375 -1
2.0055902540 -0.0000442541 -1
2.0065626512 -0.0000606883 -1
2.0077000200 -0.0000817750 -1
2.0090198460 -0.0001084586 -1
2.0105401710 -0.0001416954 -1
2.0122794722 -0.0001824953 -1
2.0142565302 -0.0002320269 -1
2.0164902850 -0.0002916487 -1
2.0189996908 -0.0003623066 -1
2.0218035720 -0.0004454637 -1
2.0249204916 -0.0005421355 -1
2.0283686386 -0.0006532595 -1
2.0321657488 -0.0007803730 -1
2.0363290640 -0.0009248243 -1
2.0408753454 -0.0010863692 -1
2.0458209450 -0.0012672002 -1
2.0511819482 -0.0014666206 -1
2.0569743924 -0.0016855397 -1
2.0632145694 -0.0019242777 -1
2.0699194220 -0.0021832282 -1
2.0771070436 -0.0024617143 -1
2.0847972974 -0.0027588066 -1
2.0930125806 -0.0030763723 -1
2.1017787700 -0.0034118838 -1
2.1111264038 -0.0037654238 1
2.1210921872 -0.0041355290 1
2.1317209542 -0.0045219316 1
2.1430682838 -0.0049241409 1
2.1552041016 -0.0053393469 1
2.1682177854 -0.0057681220 1
2.1822256540 -0.0062082096 1
2.1973823860 -0.0066574475 1
2.2138991664 -0.0071162881 1
2.2320740022 -0.0075807635 1
2.2523452300 -0.0080479203 1
2.2753918170 -0.0085139449 1
2.3023301006 -0.0089697075 1
2.3350697092 -0.0093953304 1
2.3762886790 -0.0097366869 1
2.4241251920 -0.0098695313 1
2.4674426430 -0.0097620142 1
2.5028128544 -0.0095253277 1
2.5325372268 -0.0092307743 1
2.5584950364 -0.0089083646 1
2.5818099462 -0.0085709203 1
2.6031706974 -0.0082256352 1
2.6230245442 -0.0078766610 1
2.6416776078 -0.0075257695 1
2.6593486704 -0.0071761082 1
2.6761996092 -0.0068279912 1
2.6923536120 -0.0064820786 1
2.7079065470 -0.0061416475 1
2.7229343850 -0.0058047131 1
2.7374981882 -0.0054729642 1
2.7516475682 -0.0051473983 1
2.7654231428 -0.0048284260 1
2.7788583112 -0.0045168088 1
2.7919805678 -0.0042116980 1
2.8048124784 -0.0039151620 1
2.8173724236 -0.0036273730 1
2.8296751572 -0.0033479236 1
2.8417322472 -0.0030784193 1
2.8535524076 -0.0028186888 1
2.8651417620 -0.0025693822 1
2.8765040490 -0.0023309471 1
2.8876407858 -0.0021041430 1
2.8985514006 -0.0018885687 1
2.9092333446 -0.0016849857 1
2.9196821872 -0.0014936308 1
2.9298917060 -0.0013144793 1
2.9398539734 -0.0011483323 1
2.9495594472 -0.0009945823 1
2.9589970678 -0.0008537007 1
2.9681543670 -0.0007254395 -1
2.9770175904 -0.0006097213 -1
2.9855718364 -0.0005062597 -1
2.9938012114 -0.0004146980 -1
3.0016890048 -0.0003346227 -1
3.0092178786 -0.0002654966 -1
3.0163700734 -0.0002066317 -1
3.0231276268 -0.0001573598 -1
3.0294725992 -0.0001168513 -1
3.0353873044 -0.0000842570 -1
3.0408545392 -0.0000586841 -1
3.0458578068 -0.0000391870 -1
3.0503815284 -0.0000248725 -1
3.0544112402 -0.0000148217 -1
3.0579337712 -0.0000081164 -1
3.0609373998 -0.0000039680 -1
3.0634119854 -0.0000016469 -1
3.0653490800 -0.0000005282 -1
3.0667420142 -0.0000001063 -1
3.0675859634 -0.0000000068 -1
3.0678779932 0.0000000000 -1
3.0678782114 0.0000000000 -1
3.0676170864 -0.0000000054 -1
3.0668041518 -0.0000000949 -1
3.0654420164 -0.0000004901 -1
3.0635353996 -0.0000015574 -1
3.0610908682 -0.0000037954 -1
3.0581167724 -0.0000078231 -1
3.0546231598 -0.0000143613 -1
3.0506216668 -0.0000242100 -1
3.0461253866 -0.0000382563 -1
3.0411487146 -0.0000574354 -1
3.0357071718 -0.0000826472 -1
3.0298172090 -0.0001148064 -1
3.0234959956 -0.0001548529 -1
3.0167611964 -0.0002036203 -1
3.0096307430 -0.0002619206 -1
3.0021226026 -0.0003304556 -1
2.9942545518 -0.0004099159 -1
2.9860439580 -0.0005007931 -1
2.9775075724 -0.0006035782 -1
2.9686613392 -0.0007186213 -1
2.9595202204 -0.0008461671 1
2.9500980386 -0.0009863331 1
2.9404073382 -0.0011392699 1
2.9304592606 -0.0013048787 1
2.9202634368 -0.0014830774 1
2.9098278870 -0.0016737554 1
2.8991589326 -0.0018766963 1
2.8882611070 -0.0020915650 1
2.8771370676 -0.0023181198 1
2.8657875004 -0.0025556080 1
2.8542110088 -0.0028045085 1
2.8424039838 -0.0030634981 1
2.8303604406 -0.0033325876 1
2.8180718174 -0.0036111875 1
2.8055267158 -0.0038987258 1
2.7927105704 -0.0041948518 1
2.7796052202 -0.0044993695 1
2.7661883520 -0.0048107133 1
2.7524327732 -0.0051292013 1
2.7383054472 -0.0054548406 1
2.7237662060 -0.0057855809 1
2.7087659998 -0.0061223473 1
2.6932444932 -0.0064635924 1
2.6771266714 -0.0068085473 1
2.6603179532 -0.0071563922 1
2.6426969484 -0.0075060089 1
2.6241043524 -0.0078564837 1
2.6043252542 -0.0082061864 1
2.5830595866 -0.0085518556 1
2.5598701126 -0.0088888793 1
2.5340856706 -0.0092137284 1
2.5046146508 -0.0095092905 1
2.4696283112 -0.0097509793 1
2.4267773360 -0.0098694034 1
2.3788848530 -0.0097510356 1
2.3371416714 -0.0094188697 1
2.3039966654 -0.0089956655 1
2.2767919980 -0.0085406110 1
2.2535614074 -0.0080745436 1
2.2331548836 -0.0076065803 1
2.2148753164 -0.0071429252 1
2.1982740956 -0.0066835304 1
2.1830470310 -0.0062337657 1
2.1689790044 -0.0057922573 1
2.1559127206 -0.0053634977 1
2.1437300514 -0.0049464946 1
2.1323403298 -0.0045438893 1
2.1216726886 -0.0041564131 1
2.1116708466 -0.0037854420 1
2.1022894422 -0.0034311956 -1
2.0934913694 -0.0030942858 -1
2.0852457862 -0.0027765934 -1
2.0775265876 -0.0024771755 -1
2.0703112068 -0.0021972696 -1
2.0635796600 -0.0019381272 -1
2.0573137718 -0.0016982132 -1
2.0514965492 -0.0014785218 -1
2.0461116752 -0.0012781658 -1
2.0411431068 -0.0010963206 -1
2.0365747680 -0.0009332850 -1
2.0323903262 -0.0007883497 -1
2.0285730458 -0.0006600774 -1
2.0251057126 -0.0005479490 -1
2.0219706186 -0.0004506646 -1
2.0191495980 -0.0003667208 -1
2.0166241064 -0.0002952683 -1
2.0143753308 -0.0002350207 -1
2.0123843204 -0.0001850998 -1
2.0106321306 -0.0001438021 -1
2.0090999680 -0.0001101769 -1
2.0077693344 -0.0000831827 -1
2.0066221604 -0.0000617897 -1
2.0056409262 -0.0000450968 -1
2.0048087678 -0.0000322423 -1
2.0041095682 -0.0000225875 -1
2.0035280304 -0.0000154407 -1
2.0030497382 -0.0000102581 -1
2.0026612014 -0.0000066114 -1
2.0023498896 -0.0000041221 -1
2.0021042560 -0.0000024341 -1
2.0019137526 -0.0000013506 -1
2.0017688394 -0.0000007322 -1
2.0016609876 -0.0000003678 -1
2.0015826792 -0.0000001708 -1
2.0015274060 -0.0000000683 -1
2.0014896640 -0.0000000208 -1
2.0014649508 -0.0000000042 -1
2.0014497588 0.0000000006 -1
2.0014415736 0.0000000004 -1
2.0014388692 0.0000000000 -1
2.0014388640 0.0000000000 -1
2.0014411064 0.0000000004 -1
2.0014487328 0.0000000005 -1
2.0014631820 -0.0000000031 -1
2.0014868772 -0.0000000191 -1
2.0015232326 -0.0000000617 -1
2.0015766586 -0.0000001556 -1
2.0016525654 -0.0000003440 -1
2.0017573680 -0.0000006909 -1
2.0018984900 -0.0000012898 -1
2.0020843660 -0.0000023163 -1
2.0023244426 -0.0000039267 -1
2.0026291740 -0.0000063196 -1
2.0030100146 -0.0000098744 -1
2.0034794044 -0.0000148869 -1
2.0040507452 -0.0000218238 -1
2.0047383692 -0.0000312386 -1
2.0055574936 -0.0000437360 -1
2.0065241620 -0.0000599830 -1
2.0076551724 -0.0000809212 -1
2.0089679880 -0.0001073762 -1
2.0104806320 -0.0001403667 -1
2.0122115684 -0.0001808740 -1
2.0141795684 -0.0002300113 -1
2.0164035694 -0.0002890264 -1
2.0189025272 -0.0003594553 -1
2.0216952738 -0.0004421952 -1
2.0248003834 -0.0005381867 -1
2.0282360610 -0.0006489960 -1
2.0320200594 -0.0007755367 -1
2.0361696390 -0.0009192969 -1
2.0407015776 -0.0010803989 -1
2.0456322402 -0.0012601447 -1
2.0509777188 -0.0014587264 -1
2.0567540476 -0.0016770483 -1
2.0629775026 -0.0019151769 -1
2.0696649946 -0.0021729903 -1
2.0768345644 -0.0024505428 -1
2.0845059980 -0.0027471244 -1
2.0927015844 -0.0030639421 -1
2.1014470528 -0.0033992183 -1
2.1107727468 -0.0037516754 1
2.1207151138 -0.0041210178 1
2.1313186478 -0.0045076925 1
2.1426384774 -0.0049090075 1
