3.2744813038 0.0000000000 -1
3.2744560324 0.0000000000 -1
3.2741807230 -0.0000000034 -1
3.2733441306 -0.0000000592 -1
3.2719482784 -0.0000003037 -1
3.2699957614 -0.0000009625 -1
3.2674901498 -0.0000023420 -1
3.2644359316 -0.0000048263 1
3.2608384398 -0.0000088614 1
3.2567037604 -0.0000149397 1
3.2520386230 -0.0000236180 1
3.2468502724 -0.0000355552 1
3.2411463210 -0.0000513190 1
3.2349345826 -0.0000715179 1
3.2282228892 -0.0000967605 1
3.2210188878 -0.0001276888 1
3.2133298206 -0.0001648798 1
3.2051622880 -0.0002088509 1
3.1965219926 -0.0002601513 1
3.1874134642 -0.0003192493 1
3.1778397616 -0.0003865406 1
3.1678021480 -0.0004624396 1
3.1572997310 -0.0005471246 1
3.1463290594 -0.0006410464 1
3.1348836580 -0.0007440647 1
3.1229534830 -0.0008567318 1
3.1105242682 -0.0009788991 1
3.0975767178 -0.0011106774 1
3.0840854942 -0.0012515648 1
3.0700179098 -0.0014021835 1
3.0553322094 -0.0015619539 1
3.0399752524 -0.0017304737 1
3.0238793210 -0.0019080397 1
3.0069576080 -0.0020931177 1
2.9890976548 -0.0022874197 1
2.9701515200 -0.0024880814 1
2.9499204860 -0.0026949617 1
2.9281303068 -0.0029064857 1
2.9043891902 -0.0031214755 1
2.8781130000 -0.0033356382 1
2.8483874024 -0.0035440562 1
2.8137286118 -0.0037342971 1
2.7719511902 -0.0038783480 1
2.7226841718 -0.0039142451 1
2.6747237364 -0.0037964632 1
2.6357167638 -0.0035863530 1
2.6043373240 -0.0033406110 1
2.5781717682 -0.0030852349 1
2.5556791064 -0.0028306282 -1
2.5359248478 -0.0025813772 -1
2.5183150788 -0.0023410024 -1
2.5024514744 -0.0021111244 -1
2.4880539612 -0.0018930708 -1
2.4749175720 -0.0016883457 -1
2.4628870588 -0.0014969847 -1
2.4518412250 -0.0013195239 -1
2.4416828478 -0.0011559627 -1
2.4323319632 -0.0010057259 -1
2.4237212688 -0.0008697766 -1
2.4157929050 -0.0007468281 -1
2.4084961666 -0.0006363540 -1
2.4017858584 -0.0005383522 -1
2.3956211102 -0.0004512888 -1
2.3899645212 -0.0003754246 -1
2.3847815460 -0.0003094772 -1
2.3800400592 -0.0002524505 -1
2.3757100476 -0.0002036745 -1
2.3717633990 -0.0001625707 -1
2.3681737576 -0.0001280857 -1
2.3649164266 -0.0000994811 -1
2.3619683030 -0.0000760733 -1
2.3593078344 -0.0000571228 -1
2.3569149874 -0.0000420625 -1
2.3547712236 -0.0000302570 -1
2.3528594798 -0.0000211666 -1
2.3511641484 -0.0000142957 -1
2.3496710592 -0.0000093179 -1
2.3483674592 -0.0000057926 -1
2.3472419936 -0.0000033969 -1
2.3462846848 -0.0000018357 -1
2.3454869140 -0.0000008911 -1
2.3448414018 -0.0000003669 -1
2.3443421914 -0.0000001179 -1
2.3439846344 -0.0000000236 -1
2.3437653778 -0.0000000013 -1
2.3436823556 0.0000000000 -1
2.3436814972 0.0000000000 -1
2.3437347828 -0.0000000003 -1
2.3439231534 -0.0000000147 -1
2.3442492410 -0.0000000864 -1
2.3447161048 -0.0000002924 -1
2.3453280964 -0.0000007438 -1
2.3460908728 -0.0000015768 -1
2.3470114088 -0.0000029853 -1
2.3480980150 -0.0000051604 -1
2.3493603544 -0.0000084288 -1
2.3508094624 -0.0000130302 -1
2.3524577662 -0.0000194405 -1
2.3543191052 -0.0000279746 -1
2.3564087492 -0.0000391447 -1
2.3587434180 -0.0000534159 -1
2.3613412998 -0.0000714338 -1
2.3642220706 -0.0000937813 -1
2.3674069172 -0.0001211487 -1
2.3709185648 -0.0001542403 -1
2.3747813184 -0.0001938330 -1
2.3790211208 -0.0002407195 -1
2.3836656418 -0.0002956838 -1
2.3887444084 -0.0003596469 -1
2.3942889998 -0.0004333578 -1
2.4003333288 -0.0005176274 -1
2.4069140432 -0.0006131201 -1
2.4140710926 -0.0007206922 -1
2.4218485204 -0.0008408190 -1
2.4302955596 -0.0009737495 -1
2.4394681546 -0.0011203711 -1
2.4494310740 -0.0012813107 -1
2.4602608742 -0.0014547646 -1
2.4720501114 -0.0016432904 -1
2.4849134624 -0.0018449454 -1
2.4989968374 -0.0020586201 -1
2.5144914246 -0.0022858187 -1
2.5316561960 -0.0025243406 -1
2.5508557008 -0.0027722353 -1
2.5726269200 -0.0030259651 1
2.5978034506 -0.0032819392 1
2.6277476032 -0.0035308121 1
2.6646684906 -0.0037530762 1
2.7106913724 -0.0038995525 1
2.7607613786 -0.0038994870 1
2.8045137066 -0.0037750612 1
2.8406612892 -0.0035920424 1
2.8714089332 -0.0033862685 1
2.8984156536 -0.0031725049 1
2.9227055884 -0.0029572994 1
2.9449259048 -0.0027442737 1
2.9655058502 -0.0025359948 1
2.9847430940 -0.0023338726 1
3.0028517018 -0.0021389441 1
3.0199901142 -0.0019509718 1
3.0362782320 -0.0017712780 1
3.0518083056 -0.0016005075 1
3.0666521428 -0.0014386196 1
3.0808660312 -0.0012858760 1
3.0944941976 -0.0011425076 1
3.1075713062 -0.0010085694 1
3.1201243002 -0.0008842767 1
3.1321737950 -0.0007693925 1
3.1437351544 -0.0006639963 1
3.1548193402 -0.0005679738 1
3.1654336000 -0.0004810937 1
3.1755820356 -0.0004031617 1
3.1852660854 -0.0003339297 1
3.1944849420 -0.0002729723 1
3.2032359218 -0.0002198831 1
3.2115147992 -0.0001742539 1
3.2193161108 -0.0001355670 1
3.2266334368 -0.0001032664 1
3.2334596618 -0.0000767736 1
3.2397872166 -0.0000554772 1
3.2456083044 -0.0000387714 1
3.2509151058 -0.0000260073 1
3.2556999688 -0.0000166544 1
3.2599555792 -0.0000100339 1
3.2636751110 -0.0000055821 1
3.2668523604 -0.0000027902 -1
3.2694818580 -0.0000011967 -1
3.2715589650 -0.0000004056 -1
3.2730799498 -0.0000000909 -1
3.2740420470 -0.0000000080 -1
3.2744435006 0.0000000000 -1
3.2744564902 0.0000000000 -1
3.2742835906 -0.0000000012 -1
3.2735626428 -0.0000000381 -1
3.2722820250 -0.0000002282 -1
3.2704441256 -0.0000007782 -1
3.2680523174 -0.0000019805 -1
3.2651109046 -0.0000042021 1
3.2616250526 -0.0000078781 1
3.2576007004 -0.0000134987 1
3.2530444550 -0.0000215575 1
3.2479634660 -0.0000327904 1
3.2423652828 -0.0000477257 1
3.2362576924 -0.0000669689 1
3.2296485388 -0.0000911098 1
3.2225455248 -0.0001208036 1
3.2149559950 -0.0001566733 1
3.2068867024 -0.0001991831 1
3.1983435570 -0.0002489541 1
3.1893313540 -0.0003063839 1
3.1798534814 -0.0003719763 1
3.1699116010 -0.0004460501 1
3.1595052972 -0.0005289204 1
3.1486316822 -0.0006208000 1
3.1372849464 -0.0007219609 1
3.1254558324 -0.0008326157 1
3.1131310052 -0.0009528160 1
3.1002922824 -0.0010824779 1
3.0869156686 -0.0012218505 1
3.0729701178 -0.0013704256 1
3.0584159140 -0.0015280896 1
3.0432024922 -0.0016949456 1
3.0272654616 -0.0018705030 1
3.0105224104 -0.0020545384 1
2.9928668468 -0.0022468004 1
2.9741591802 -0.0024460799 1
2.9542128056 -0.0026515201 1
2.9327717734 -0.0028626822 1
2.9094732708 -0.0030767777 1
2.8837814576 -0.0032916843 1
2.8548660472 -0.0035026061 1
2.8213847362 -0.0036974649 1
2.7812609916 -0.0038545987 1
2.7331812662 -0.0039192637 1
2.6839503608 -0.0038314316 1
2.6430490852 -0.0036344359 1
2.6103200620 -0.0033926069 1
2.5832312338 -0.0031385840 1
2.5600721934 -0.0028827319 -1
2.5398099140 -0.0026319853 -1
2.5217951988 -0.0023894613 -1
2.5055972754 -0.0021574583 -1
2.4909160054 -0.0019373702 -1
2.4775334312 -0.0017299499 -1
2.4652855684 -0.0015355654 -1
2.4540451622 -0.0013548428 -1
2.4437106786 -0.0011882091 -1
2.4341990254 -0.0010360355 -1
2.4254405888 -0.0008970586 -1
2.4173757730 -0.0007709954 -1
2.4099525490 -0.0006580570 -1
2.4031246944 -0.0005573690 -1
2.3968505260 -0.0004686681 -1
2.3910919840 -0.0003903343 -1
2.3858139746 -0.0003221033 -1
2.3809839016 -0.0002634966 -1
2.3765713364 -0.0002131123 -1
2.3725477880 -0.0001704594 -1
2.3688865472 -0.0001346741 -1
2.3655625810 -0.0001049345 -1
2.3625524620 -0.0000804809 -1
2.3598343204 -0.0000607133 -1
2.3573878116 -0.0000448958 -1
2.3551940904 -0.0000324657 -1
2.3532357904 -0.0000228271 -1
2.3514970056 -0.0000155665 -1
2.3499632704 -0.0000101427 -1
2.3486215412 -0.0000064208 -1
2.3474601762 -0.0000038165 -1
2.3464689154 -0.0000020996 -1
2.3456388608 -0.0000010451 -1
2.3449624582 -0.0000004489 -1
2.3444334792 -0.0000001531 -1
2.3440470064 -0.0000000346 -1
2.3437994202 -0.0000000030 -1
2.3436883898 0.0000000000 -1
2.3436814938 -0.0000000000 -1
2.3437128662 -0.0000000000 -1
2.3438730792 -0.0000000090 -1
2.3441705382 -0.0000000634 -1
2.3446080362 -0.0000002342 -1
2.3451896580 -0.0000006226 -1
2.3459207894 -0.0000013675 -1
2.3468081324 -0.0000026370 -1
2.3478597202 -0.0000046434 -1
2.3490849354 -0.0000076502 -1
2.3504945286 -0.0000119269 -1
2.3521006380 -0.0000179613 -1
