0.0000000000 0.6060381738
0.0050000000 0.6064219648
0.0100000000 0.6074912442
0.0150000000 0.6092470352
0.0200000000 0.6116909298
0.0250000000 0.6148250647
0.0300000000 0.6186197024
0.0350000000 0.6231500356
0.0400000000 0.6283822984
0.0450000000 0.6343204465
0.0500000000 0.6409686880
0.0550000000 0.6483702119
0.0600000000 0.6565001288
0.0650000000 0.6653132235
0.0700000000 0.6749007325
0.0750000000 0.6851990650
0.0800000000 0.6962721707
0.0850000000 0.7080371284
0.0900000000 0.7205555522
0.0950000000 0.7338023274
0.1000000000 0.7477800178
0.1050000000 0.7624621029
0.1100000000 0.7778024573
0.1150000000 0.7937981758
0.1200000000 0.8103738548
0.1250000000 0.8274625124
0.1300000000 0.8449512062
0.1350000000 0.8626826998
0.1400000000 0.8804137103
0.1450000000 0.8977722024
0.1500000000 0.9141747564
0.1550000000 0.9286727500
0.1600000000 0.9397711022
0.1650000000 0.9454768536
0.1700000000 0.9442925098
0.1750000000 0.9365666999
0.1800000000 0.9241295377
0.1850000000 0.9088648033
0.1900000000 0.8920546499
0.1950000000 0.8745213771
0.2000000000 0.8567581052
0.2050000000 0.8390848480
0.2100000000 0.8217129768
0.2150000000 0.8047898733
0.2200000000 0.7883955275
0.2250000000 0.7726154296
0.2300000000 0.7574899044
0.2350000000 0.7430463740
0.2400000000 0.7293346484
0.2450000000 0.7163173473
0.2500000000 0.7040590998
0.2550000000 0.6924871361
0.2600000000 0.6817089761
0.2650000000 0.6716493748
0.2700000000 0.6623386178
0.2750000000 0.6537344613
0.2800000000 0.6458580145
0.2850000000 0.6387050112
0.2900000000 0.6322710132
0.2950000000 0.6266255695
0.3000000000 0.6216216203
0.3050000000 0.6172790179
0.3100000000 0.6136389366
0.3150000000 0.6107854521
0.3200000000 0.6086308731
0.3250000000 0.6071153333
0.3300000000 0.6062821815
0.3350000000 0.6061184553
0.3400000000 0.6066894071
0.3450000000 0.6080024193
0.3500000000 0.6100015937
0.3550000000 0.6126320511
0.3600000000 0.6159928538
0.3650000000 0.6200551886
0.3700000000 0.6248224529
0.3750000000 0.6302984625
0.3800000000 0.6364441412
0.3850000000 0.6433482399
0.3900000000 0.6510109901
0.3950000000 0.6593715161
0.4000000000 0.6684174513
0.4050000000 0.6782670642
0.4100000000 0.6887987491
0.4150000000 0.7001077807
0.4200000000 0.7121455731
0.4250000000 0.7249091510
0.4300000000 0.7383964203
0.4350000000 0.7526052296
0.4400000000 0.7674967334
0.4450000000 0.7830697183
0.4500000000 0.7992561662
0.4550000000 0.8160151176
0.4600000000 0.8332543873
0.4650000000 0.8508445836
0.4700000000 0.8686074940
0.4750000000 0.8862644217
0.4800000000 0.9033853537
0.4850000000 0.9192790042
0.4900000000 0.9328393437
0.4950000000 0.9423682251
0.5000000000 0.9458809716
0.5050000000 0.9423703064
0.5100000000 0.9328423441
0.5150000000 0.9192801133
0.5200000000 0.9033840835
0.5250000000 0.8862625600
0.5300000000 0.8686081625
0.5350000000 0.8508464639
0.5400000000 0.8332554243
0.5450000000 0.8160204471
0.5500000000 0.7992566067
0.5550000000 0.7830695646
0.5600000000 0.7675047135
0.5650000000 0.7526121814
0.5700000000 0.7383858933
0.5750000000 0.7249165707
0.5800000000 0.7121552945
0.5850000000 0.7001366923
0.5900000000 0.6888115123
0.5950000000 0.6782602989
0.6000000000 0.6684866972
0.6050000000 0.6593999233
0.6100000000 0.6510425602
0.6150000000 0.6434105937
0.6200000000 0.6364996907
0.6250000000 0.6303585343
0.6300000000 0.6248590155
0.6350000000 0.6200359855
0.6400000000 0.6159428392
0.6450000000 0.6126464776
0.6500000000 0.6100159527
0.6550000000 0.6080489448
0.6600000000 0.6067463925
0.6650000000 0.6061063410
0.6700000000 0.6062429388
0.6750000000 0.6071054013
0.6800000000 0.6086306937
0.6850000000 0.6107863999
0.6900000000 0.6136824247
0.6950000000 0.6172783856
0.7000000000 0.6215773679
0.7050000000 0.6265829244
0.7100000000 0.6322693029
0.7150000000 0.6386792273
0.7200000000 0.6457970107
0.7250000000 0.6537094252
0.7300000000 0.6623054238
0.7350000000 0.6716070395
0.7400000000 0.6817071645
0.7450000000 0.6924749566
0.7500000000 0.7040306489
0.7550000000 0.7163201865
0.7600000000 0.7293231903
0.7650000000 0.7430552928
0.7700000000 0.7574929430
0.7750000000 0.7726159287
0.7800000000 0.7883985919
0.7850000000 0.8047867232
0.7900000000 0.8217141031
0.7950000000 0.8390846163
0.8000000000 0.8567588988
0.8050000000 0.8745222882
0.8100000000 0.8920582090
0.8150000000 0.9088627038
0.8200000000 0.9241282227
0.8250000000 0.9365624462
0.8300000000 0.9442933717
0.8350000000 0.9454762476
0.8400000000 0.9397662551
0.8450000000 0.9286722198
0.8500000000 0.9141740701
0.8550000000 0.8977753187
0.8600000000 0.8804120126
0.8650000000 0.8626827942
0.8700000000 0.8449529267
0.8750000000 0.8274644768
0.8800000000 0.8103726882
0.8850000000 0.7938020982
0.8900000000 0.7778042246
0.8950000000 0.7624543980
0.9000000000 0.7477930641
0.9050000000 0.7338278139
0.9100000000 0.7205649606
0.9150000000 0.7080678149
0.9200000000 0.6962440084
0.9250000000 0.6852505538
0.9300000000 0.6749415650
0.9350000000 0.6653563428
0.9400000000 0.6564921770
0.9450000000 0.6483455864
0.9500000000 0.6409904553
0.9550000000 0.6343459698
0.9600000000 0.6284108467
0.9650000000 0.6231809177
0.9700000000 0.6186522678
0.9750000000 0.6148214481
0.9800000000 0.6116849690
0.9850000000 0.6092402770
0.9900000000 0.6074852173
0.9950000000 0.6064181899
1.0000000000 0.6060381738
