0.0000000000 0.0000000000 1
0.0100200401 0.0000000000 1
0.0200400802 -0.0000000000 1
0.0300601202 0.0000000000 1
0.0400801603 0.0000000000 1
0.0501002004 0.0000000000 1
0.0601202405 0.0000000000 1
0.0701402806 -0.0000000000 1
0.0801603206 -0.0000000000 1
0.0901803607 -0.0000000000 1
0.1002004008 -0.0000000000 1
0.1102204409 0.0000000000 1
0.1202404810 -0.0000000000 1
0.1302605210 -0.0000000000 1
0.1402805611 -0.0000000000 1
0.1503006012 -0.0000000000 1
0.1603206413 0.0000000000 1
0.1703406814 -0.0000000000 1
0.1803607214 0.0000000000 1
0.1903807615 0.0000000000 1
0.2004008016 0.0000000000 1
0.2104208417 0.0000000000 1
0.2204408818 0.0000000000 1
0.2304609218 -0.0000000000 1
0.2404809619 -0.0000000000 1
0.2505010020 -0.0000000000 1
0.2605210421 -0.0000000000 1
0.2705410822 -0.0000000000 1
0.2805611222 0.0000000000 1
0.2905811623 0.0000000000 1
0.3006012024 0.0000000000 1
0.3106212425 -0.0000000000 1
0.3206412826 0.0000000000 1
0.3306613226 0.0000000000 1
0.3406813627 -0.0000000000 1
0.3507014028 -0.0000000000 1
0.3607214429 0.0000000000 1
0.3707414830 0.0000000000 1
0.3807615230 0.0000000000 1
0.3907815631 -0.0000000000 1
0.4008016032 -0.0000000000 1
0.4108216433 0.0000000000 1
0.4208416834 0.0000000000 1
0.4308617234 0.0000000000 1
0.4408817635 -0.0000000000 1
0.4509018036 0.0000000000 1
0.4609218437 0.0000000000 1
0.4709418838 -0.0000000000 1
0.4809619238 -0.0000000000 1
0.4909819639 -0.0000000000 1
0.5010020040 0.0000000000 1
0.5110220441 0.0000000000 1
0.5210420842 0.0000000000 1
0.5310621242 0.0000000000 1
0.5410821643 -0.0000000000 1
0.5511022044 -0.0000000000 1
0.5611222445 0.0000000000 1
0.5711422846 0.0000000000 1
0.5811623246 -0.0000000000 1
0.5911823647 -0.0000000000 1
0.6012024048 -0.0000000000 1
0.6112224449 -0.0000000000 1
0.6212424850 0.0000000000 1
0.6312625251 0.0000000000 1
0.6412825651 0.0000000000 1
0.6513026052 -0.0000000000 1
0.6613226453 -0.0000000000 1
0.6713426854 0.0000000000 1
0.6813627255 0.0000000000 1
0.6913827655 0.0000000000 1
0.7014028056 0.0000000000 1
0.7114228457 0.0000000000 1
0.7214428858 -0.0000000000 1
0.7314629259 0.0000000000 1
0.7414829659 -0.0000000000 1
0.7515030060 -0.0000000000 1
0.7615230461 0.0000000000 1
0.7715430862 0.0000000000 1
0.7815631263 -0.0000000000 1
0.7915831663 0.0000000000 1
0.8016032064 -0.0000000000 1
0.8116232465 -0.0000000000 1
0.8216432866 0.0000000000 1
0.8316633267 0.0000000000 1
0.8416833667 -0.0000000000 1
0.8517034068 0.0000000000 1
0.8617234469 0.0000000000 1
0.8717434870 -0.0000000000 1
0.8817635271 0.0000000000 1
0.8917835671 -0.0000000000 1
0.9018036072 0.0000000000 1
0.9118236473 -0.0000000000 1
0.9218436874 -0.0000000000 1
0.9318637275 0.0000000000 1
0.9418837675 -0.0000000000 1
0.9519038076 0.0000000000 1
0.9619238477 0.0000000000 1
0.9719438878 -0.0000000000 1
0.9819639279 -0.0000000000 1
0.9919839679 0.0000000000 1
1.0020040080 0.0000000000 1
1.0120240481 -0.0000000000 1
1.0220440882 -0.0000000000 1
1.0320641283 0.0000000000 1
1.0420841683 -0.0000000000 1
1.0521042084 0.0000000000 1
1.0621242485 -0.0000000000 1
1.0721442886 0.0000000000 1
1.0821643287 -0.0000000000 1
1.0921843687 0.0000000000 1
1.1022044088 0.0000000000 1
1.1122244489 0.0000000000 1
1.1222444890 -0.0000000000 1
1.1322645291 0.0000000000 1
1.1422845691 -0.0000000000 1
1.1523046092 -0.0000000000 1
1.1623246493 0.0000000000 1
1.1723446894 0.0000000000 1
1.1823647295 0.0000000000 1
1.1923847695 0.0000000000 1
1.2024048096 -0.0000000000 1
1.2124248497 0.0000000000 1
1.2224448898 0.0000000000 1
1.2324649299 -0.0000000000 1
1.2424849699 0.0000000000 1
1.2525050100 0.0000000000 1
1.2625250501 0.0000000000 1
1.2725450902 0.0000000000 1
1.2825651303 0.0000000000 1
1.2925851703 0.0000000000 1
1.3026052104 -0.0000000000 1
1.3126252505 -0.0000000000 1
1.3226452906 -0.0000000000 1
1.3326653307 0.0000000000 1
1.3426853707 0.0000000000 1
1.3527054108 0.0000000000 1
1.3627254509 0.0000000000 1
1.3727454910 -0.0000000000 1
1.3827655311 -0.0000000000 1
1.3927855711 -0.0000000000 1
1.4028056112 -0.0000000000 1
1.4128256513 0.0000000000 1
1.4228456914 0.0000000000 1
1.4328657315 0.0000000000 -1
1.4428857715 -0.0000000000 -1
1.4529058116 0.0000000000 -1
1.4629258517 -0.0000000000 -1
1.4729458918 -0.0000000000 -1
1.4829659319 -0.0000000000 -1
1.4929859719 -0.0000000000 -1
1.5030060120 0.0000000000 -1
1.5130260521 -0.0000000000 -1
1.5230460922 -0.0000000000 -1
1.5330661323 0.0000000000 -1
1.5430861723 -0.0000000000 -1
1.5531062124 -0.0000000000 -1
1.5631262525 -0.0000000000 -1
1.5731462926 0.0000000000 -1
1.5831663327 -0.0000000000 -1
1.5931863727 -0.0000000000 -1
1.6032064128 0.0000000000 -1
1.6132264529 0.0000000000 -1
1.6232464930 0.0000000000 -1
1.6332665331 0.0000000000 -1
1.6432865731 0.0000000000 -1
1.6533066132 -0.0000000000 -1
1.6633266533 -0.0000000000 -1
1.6733466934 -0.0000000000 -1
1.6833667335 0.0000000000 -1
1.6933867735 0.0000000000 -1
1.7034068136 -0.0000000000 -1
1.7134268537 0.0000000000 -1
1.7234468938 -0.0000000000 -1
1.7334669339 -0.0000000000 -1
1.7434869739 -0.0000000000 -1
1.7535070140 0.0000000000 -1
1.7635270541 0.0000000000 -1
1.7735470942 0.0000000000 -1
1.7835671343 0.0000000000 -1
1.7935871743 -0.0000000000 -1
1.8036072144 0.0000000000 -1
1.8136272545 -0.0000000000 -1
1.8236472946 -0.0000000000 -1
1.8336673347 0.0000000000 -1
1.8436873747 0.0000000000 -1
1.8537074148 -0.0000000000 -1
1.8637274549 0.0000000000 -1
1.8737474950 0.0000000000 -1
1.8837675351 -0.0000000000 -1
1.8937875752 0.0000000000 -1
1.9038076152 -0.0000000000 -1
1.9138276553 0.0000000000 -1
1.9238476954 0.0000000000 -1
1.9338677355 0.0000000000 -1
1.9438877756 0.0000000000 -1
1.9539078156 -0.0000000000 -1
1.9639278557 0.0000000000 -1
1.9739478958 -0.0000000000 -1
1.9839679359 0.0000000000 -1
1.9939879760 0.0000000000 -1
2.0040080160 -0.0000000000 -1
2.0140280561 -0.0000000000 -1
2.0240480962 0.0000000000 -1
2.0340681363 0.0000000000 -1
2.0440881764 0.0000000000 -1
2.0541082164 -0.0000000000 -1
2.0641282565 0.0000000000 -1
2.0741482966 0.0000000000 -1
2.0841683367 -0.0000000000 -1
2.0941883768 -0.0000000000 -1
2.1042084168 -0.0000000000 -1
2.1142284569 -0.0000000000 -1
2.1242484970 0.0000000000 -1
2.1342685371 0.0000000000 -1
2.1442885772 0.0000000000 -1
2.1543086172 0.0000000000 -1
2.1643286573 -0.0000000000 -1
2.1743486974 -0.0000000000 -1
2.1843687375 -0.0000000000 -1
2.1943887776 -0.0000000000 -1
2.2044088176 -0.0000000000 -1
2.2144288577 -0.0000000000 -1
2.2244488978 0.0000000000 -1
2.2344689379 -0.0000000000 -1
2.2444889780 0.0000000000 -1
2.2545090180 -0.0000000000 -1
2.2645290581 0.0000000000 -1
2.2745490982 0.0000000000 -1
2.2845691383 -0.0000000000 -1
2.2945891784 -0.0000000000 -1
2.3046092184 0.0000000000 -1
2.3146292585 -0.0000000000 -1
2.3246492986 0.0000000000 -1
2.3346693387 0.0000000000 -1
2.3446893788 -0.0000000000 -1
2.3547094188 0.0000000000 -1
2.3647294589 -0.0000000000 -1
2.3747494990 0.0000000000 -1
2.3847695391 0.0000000000 -1
2.3947895792 0.0000000000 -1
2.4048096192 -0.0000000000 -1
2.4148296593 0.0000000000 -1
2.4248496994 0.0000000000 -1
2.4348697395 0.0000000000 -1
2.4448897796 -0.0000000000 -1
2.4549098196 0.0000000000 -1
2.4649298597 0.0000000000 -1
2.4749498998 -0.0000000000 -1
2.4849699399 -0.0000000000 -1
2.4949899800 -0.0000000000 -1
2.5050100200 0.0000000000 -1
2.5150300601 -0.0000000000 -1
2.5250501002 0.0000000000 -1
2.5350701403 0.0000000000 -1
2.5450901804 -0.0000000000 -1
2.5551102204 -0.0000000000 -1
2.5651302605 -0.0000000000 -1
2.5751503006 0.0000000000 -1
2.5851703407 -0.0000000000 -1
2.5951903808 -0.0000000000 -1
2.6052104208 0.0000000000 -1
2.6152304609 0.0000000000 -1
2.6252505010 -0.0000000000 -1
2.6352705411 0.0000000000 -1
2.6452905812 0.0000000000 -1
2.6553106212 0.0000000000 -1
2.6653306613 0.0000000000 -1
2.6753507014 0.0000000000 -1
2.6853707415 0.0000000000 -1
2.6953907816 -0.0000000000 -1
2.7054108216 -0.0000000000 -1
2.7154308617 -0.0000000000 -1
2.7254509018 0.0000000000 -1
2.7354709419 0.0000000000 -1
2.7454909820 0.0000000000 -1
2.7555110220 0.0000000000 -1
2.7655310621 -0.0000000000 -1
2.7755511022 -0.0000000000 -1
2.7855711423 -0.0000000000 -1
2.7955911824 -0.0000000000 -1
2.8056112224 0.0000000000 -1
2.8156312625 0.0000000000 -1
2.8256513026 0.0000000000 -1
2.8356713427 -0.0000000000 -1
2.8456913828 0.0000000000 -1
2.8557114228 0.0000000000 -1
2.8657314629 0.0000000000 -1
2.8757515030 -0.0000000000 -1
2.8857715431 0.0000000000 -1
2.8957915832 0.0000000000 -1
2.9058116232 -0.0000000000 -1
2.9158316633 0.0000000000 -1
2.9258517034 0.0000000000 -1
2.9358717435 -0.0000000000 -1
2.9458917836 0.0000000000 -1
2.9559118236 -0.0000000000 -1
2.9659318637 -0.0000000000 -1
2.9759519038 0.0000000000 -1
2.9859719439 0.0000000000 -1
2.9959919840 0.0000000000 -1
3.0060120240 0.0000000000 -1
3.0160320641 0.0000000000 -1
3.0260521042 0.0000000000 -1
3.0360721443 0.0000000000 -1
3.0460921844 0.0000000000 -1
3.0561122244 -0.0000000000 -1
3.0661322645 0.0000000000 -1
3.0761523046 0.0000000000 -1
3.0861723447 -0.0000000000 -1
3.0961923848 0.0000000000 -1
3.1062124248 0.0000000000 -1
3.1162324649 -0.0000000000 -1
3.1262525050 -0.0000000000 -1
3.1362725451 -0.0000000000 -1
3.1462925852 0.0000000000 -1
3.1563126253 0.0000000000 -1
3.1663326653 0.0000000000 -1
3.1763527054 -0.0000000000 -1
3.1863727455 0.0000000000 -1
3.1963927856 0.0000000000 -1
3.2064128257 -0.0000000000 -1
3.2164328657 -0.0000000000 -1
3.2264529058 -0.0000000000 -1
3.2364729459 0.0000000000 -1
3.2464929860 -0.0000000000 -1
3.2565130261 -0.0000000000 -1
3.2665330661 0.0000000000 -1
3.2765531062 0.0000000000 -1
3.2865731463 0.0000000000 -1
3.2965931864 -0.0000000000 -1
3.3066132265 -0.0000000000 -1
3.3166332665 0.0000000000 -1
3.3266533066 -0.0000000000 -1
3.3366733467 0.0000000000 -1
3.3466933868 0.0000000000 -1
3.3567134269 0.0000000000 -1
3.3667334669 -0.0000000000 -1
3.3767535070 -0.0000000000 -1
3.3867735471 0.0000000000 -1
3.3967935872 -0.0000000000 -1
3.4068136273 -0.0000000000 -1
3.4168336673 0.0000000000 -1
3.4268537074 0.0000000000 -1
3.4368737475 0.0000000000 -1
3.4468937876 0.0000000000 1
3.4569138277 -0.0000000000 1
3.4669338677 -0.0000000000 1
3.4769539078 0.0000000000 1
3.4869739479 0.0000000000 1
3.4969939880 -0.0000000000 1
3.5070140281 -0.0000000000 1
3.5170340681 -0.0000000000 1
3.5270541082 0.0000000000 1
3.5370741483 0.0000000000 1
3.5470941884 0.0000000000 1
3.5571142285 0.0000000000 1
3.5671342685 0.0000000000 1
3.5771543086 -0.0000000000 1
3.5871743487 -0.0000000000 1
3.5971943888 -0.0000000000 1
3.6072144289 -0.0000000000 1
3.6172344689 -0.0000000000 1
3.6272545090 -0.0000000000 1
3.6372745491 0.0000000000 1
3.6472945892 -0.0000000000 1
3.6573146293 -0.0000000000 1
3.6673346693 -0.0000000000 1
3.6773547094 -0.0000000000 1
3.6873747495 -0.0000000000 1
3.6973947896 0.0000000000 1
3.7074148297 0.0000000000 1
3.7174348697 -0.0000000000 1
3.7274549098 0.0000000000 1
3.7374749499 0.0000000000 1
3.7474949900 0.0000000000 1
3.7575150301 -0.0000000000 1
3.7675350701 -0.0000000000 1
3.7775551102 0.0000000000 1
3.7875751503 0.0000000000 1
3.7975951904 0.0000000000 1
3.8076152305 -0.0000000000 1
3.8176352705 0.0000000000 1
3.8276553106 0.0000000000 1
3.8376753507 -0.0000000000 1
3.8476953908 0.0000000000 1
3.8577154309 0.0000000000 1
3.8677354709 0.0000000000 1
3.8777555110 0.0000000000 1
3.8877755511 0.0000000000 1
3.8977955912 -0.0000000000 1
3.9078156313 0.0000000000 1
3.9178356713 -0.0000000000 1
3.9278557114 0.0000000000 1
3.9378757515 -0.0000000000 1
3.9478957916 -0.0000000000 1
3.9579158317 0.0000000000 1
3.9679358717 0.0000000000 1
3.9779559118 0.0000000000 1
3.9879759519 0.0000000000 1
3.9979959920 0.0000000000 1
4.0080160321 -0.0000000000 1
4.0180360721 0.0000000000 1
4.0280561122 0.0000000000 1
4.0380761523 -0.0000000000 1
4.0480961924 0.0000000000 1
4.0581162325 -0.0000000000 1
4.0681362725 0.0000000000 1
4.0781563126 0.0000000000 1
4.0881763527 -0.0000000000 1
4.0981963928 -0.0000000000 1
4.1082164329 0.0000000000 1
4.1182364729 0.0000000000 1
4.1282565130 -0.0000000000 1
4.1382765531 0.0000000000 1
4.1482965932 -0.0000000000 1
4.1583166333 -0.0000000000 1
4.1683366733 0.0000000000 1
4.1783567134 0.0000000000 1
4.1883767535 -0.0000000000 1
4.1983967936 -0.0000000000 1
4.2084168337 0.0000000000 1
4.2184368737 0.0000000000 1
4.2284569138 0.0000000000 1
4.2384769539 0.0000000000 1
4.2484969940 0.0000000000 1
4.2585170341 0.0000000000 1
4.2685370741 0.0000000000 1
4.2785571142 0.0000000000 1
4.2885771543 -0.0000000000 1
4.2985971944 0.0000000000 1
4.3086172345 -0.0000000000 1
4.3186372745 0.0000000000 1
4.3286573146 0.0000000000 1
4.3386773547 0.0000000000 1
4.3486973948 0.0000000000 1
4.3587174349 -0.0000000000 1
4.3687374749 -0.0000000000 1
4.3787575150 0.0000000000 1
4.3887775551 0.0000000000 1
4.3987975952 0.0000000000 1
4.4088176353 0.0000000000 1
4.4188376754 -0.0000000000 1
4.4288577154 0.0000000000 1
4.4388777555 -0.0000000000 1
4.4488977956 0.0000000000 1
4.4589178357 0.0000000000 1
4.4689378758 0.0000000000 1
4.4789579158 -0.0000000000 1
4.4889779559 -0.0000000000 1
4.4989979960 0.0000000000 1
4.5090180361 -0.0000000000 1
4.5190380762 0.0000000000 1
4.5290581162 0.0000000000 1
4.5390781563 0.0000000000 1
4.5490981964 -0.0000000000 1
4.5591182365 0.0000000000 1
4.5691382766 -0.0000000000 1
4.5791583166 0.0000000000 1
4.5891783567 -0.0000000000 1
4.5991983968 0.0000000000 1
4.6092184369 0.0000000000 1
4.6192384770 0.0000000000 1
4.6292585170 -0.0000000000 1
4.6392785571 0.0000000000 1
4.6492985972 -0.0000000000 1
4.6593186373 0.0000000000 1
4.6693386774 0.0000000000 1
4.6793587174 -0.0000000000 1
4.6893787575 -0.0000000000 1
4.6993987976 0.0000000000 1
4.7094188377 -0.0000000000 1
4.7194388778 -0.0000000000 1
4.7294589178 -0.0000000000 1
4.7394789579 0.0000000000 1
4.7494989980 0.0000000000 1
4.7595190381 0.0000000000 1
4.7695390782 0.0000000000 1
4.7795591182 -0.0000000000 1
4.7895791583 -0.0000000000 1
4.7995991984 -0.0000000000 1
4.8096192385 0.0000000000 1
4.8196392786 0.0000000000 1
4.8296593186 0.0000000000 1
4.8396793587 -0.0000000000 1
4.8496993988 0.0000000000 1
4.8597194389 0.0000000000 1
4.8697394790 0.0000000000 1
4.8797595190 0.0000000000 1
4.8897795591 -0.0000000000 1
4.8997995992 -0.0000000000 1
4.9098196393 0.0000000000 1
4.9198396794 -0.0000000000 1
4.9298597194 0.0000000000 1
4.9398797595 -0.0000000000 1
4.9498997996 0.0000000000 1
4.9599198397 0.0000000000 1
4.9699398798 0.0000000000 1
4.9799599198 0.0000000000 1
4.9899799599 0.0000000000 1
5.0000000000 0.0000000000 1
