0.0000000000 0.9713679475
0.0050000000 0.9620950463
0.0100000000 0.9418668852
0.0150000000 0.9179639606
0.0200000000 0.8929354201
0.0250000000 0.8677526314
0.0300000000 0.8428644643
0.0350000000 0.8185033547
0.0400000000 0.7948034929
0.0450000000 0.7718353900
0.0500000000 0.7496444071
0.0550000000 0.7282451147
0.0600000000 0.7076535052
0.0650000000 0.6878644533
0.0700000000 0.6688617705
0.0750000000 0.6506426871
0.0800000000 0.6331896178
0.0850000000 0.6164757337
0.0900000000 0.6004940239
0.0950000000 0.5852083334
0.1000000000 0.5706291035
0.1050000000 0.5567011743
0.1100000000 0.5434161665
0.1150000000 0.5307541029
0.1200000000 0.5186815465
0.1250000000 0.5071954594
0.1300000000 0.4962920173
0.1350000000 0.4858950358
0.1400000000 0.4760383145
0.1450000000 0.4666750086
0.1500000000 0.4578056913
0.1550000000 0.4493651847
0.1600000000 0.4414258189
0.1650000000 0.4338879708
0.1700000000 0.4267493315
0.1750000000 0.4200067778
0.1800000000 0.4136832278
0.1850000000 0.4077057808
0.1900000000 0.4020787566
0.1950000000 0.3967881163
0.2000000000 0.3918208285
0.2050000000 0.3871704389
0.2100000000 0.3828086119
0.2150000000 0.3787313236
0.2200000000 0.3749265969
0.2250000000 0.3713831501
0.2300000000 0.3680915253
0.2350000000 0.3650223159
0.2400000000 0.3622105308
0.2450000000 0.3596197237
0.2500000000 0.3572296795
0.2550000000 0.3550322944
0.2600000000 0.3530218903
0.2650000000 0.3511646919
0.2700000000 0.3495350679
0.2750000000 0.3480470336
0.2800000000 0.3466954270
0.2850000000 0.3454797398
0.2900000000 0.3444446562
0.2950000000 0.3435276070
0.3000000000 0.3427045993
0.3050000000 0.3420242514
0.3100000000 0.3414534461
0.3150000000 0.3409624542
0.3200000000 0.3405805332
0.3250000000 0.3402963133
0.3300000000 0.3400751374
0.3350000000 0.3399333330
0.3400000000 0.3398784550
0.3450000000 0.3398765344
0.3500000000 0.3399255967
0.3550000000 0.3400422224
0.3600000000 0.3402043232
0.3650000000 0.3404024187
0.3700000000 0.3406386142
0.3750000000 0.3409164656
0.3800000000 0.3412176688
0.3850000000 0.3415403777
0.3900000000 0.3418846838
0.3950000000 0.3422457902
0.4000000000 0.3426162203
0.4050000000 0.3429935579
0.4100000000 0.3433757941
0.4150000000 0.3437570467
0.4200000000 0.3441363276
0.4250000000 0.3445077869
0.4300000000 0.3448690507
0.4350000000 0.3452208516
0.4400000000 0.3455569358
0.4450000000 0.3458721726
0.4500000000 0.3461693253
0.4550000000 0.3464473754
0.4600000000 0.3467002608
0.4650000000 0.3469233851
0.4700000000 0.3471211983
0.4750000000 0.3472990210
0.4800000000 0.3474335453
0.4850000000 0.3475441334
0.4900000000 0.3476311514
0.4950000000 0.3476720622
0.5000000000 0.3476879710
0.5050000000 0.3476791779
0.5100000000 0.3476266242
0.5150000000 0.3475452093
0.5200000000 0.3474357906
0.5250000000 0.3472991408
0.5300000000 0.3471237315
0.5350000000 0.3469229656
0.5400000000 0.3466974951
0.5450000000 0.3464474963
0.5500000000 0.3461681509
0.5550000000 0.3458722287
0.5600000000 0.3455563918
0.5650000000 0.3452186945
0.5700000000 0.3448699031
0.5750000000 0.3445084744
0.5800000000 0.3441354499
0.5850000000 0.3437573445
0.5900000000 0.3433758004
0.5950000000 0.3429936966
0.6000000000 0.3426163453
0.6050000000 0.3422455774
0.6100000000 0.3418831848
0.6150000000 0.3415418437
0.6200000000 0.3412183694
0.6250000000 0.3409139654
0.6300000000 0.3406415892
0.6350000000 0.3404060246
0.6400000000 0.3402020456
0.6450000000 0.3400362745
0.6500000000 0.3399343987
0.6550000000 0.3398772460
0.6600000000 0.3398674963
0.6650000000 0.3399414385
0.6700000000 0.3400823187
0.6750000000 0.3402849816
0.6800000000 0.3405784492
0.6850000000 0.3409685563
0.6900000000 0.3414463435
0.6950000000 0.3420156299
0.7000000000 0.3427010733
0.7050000000 0.3435184482
0.7100000000 0.3444485476
0.7150000000 0.3454938857
0.7200000000 0.3466802506
0.7250000000 0.3480195244
0.7300000000 0.3495255378
0.7350000000 0.3511904973
0.7400000000 0.3530222399
0.7450000000 0.3550246948
0.7500000000 0.3572205263
0.7550000000 0.3596147506
0.7600000000 0.3622161215
0.7650000000 0.3650345097
0.7700000000 0.3680789900
0.7750000000 0.3713710136
0.7800000000 0.3749127111
0.7850000000 0.3787159667
0.7900000000 0.3827923344
0.7950000000 0.3871495118
0.8000000000 0.3918126301
0.8050000000 0.3967797464
0.8100000000 0.4020624419
0.8150000000 0.4076756078
0.8200000000 0.4136766290
0.8250000000 0.4200239911
0.8300000000 0.4267326483
0.8350000000 0.4338763360
0.8400000000 0.4414033640
0.8450000000 0.4493851005
0.8500000000 0.4577882538
0.8550000000 0.4666778800
0.8600000000 0.4760353705
0.8650000000 0.4858914555
0.8700000000 0.4962800856
0.8750000000 0.5072074163
0.8800000000 0.5186878362
0.8850000000 0.5307498962
0.8900000000 0.5434118641
0.8950000000 0.5566858094
0.9000000000 0.5706252993
0.9050000000 0.5852094126
0.9100000000 0.6004944815
0.9150000000 0.6164755963
0.9200000000 0.6331838221
0.9250000000 0.6506431712
0.9300000000 0.6688584931
0.9350000000 0.6878620056
0.9400000000 0.7076552891
0.9450000000 0.7282444868
0.9500000000 0.7496430018
0.9550000000 0.7718353403
0.9600000000 0.7948028703
0.9650000000 0.8185041551
0.9700000000 0.8428643948
0.9750000000 0.8677526187
0.9800000000 0.8929354666
0.9850000000 0.9179637776
0.9900000000 0.9418669590
0.9950000000 0.9620951955
1.0000000000 0.9713679475
