1.4500000000 0.0000000000 1
1.4563909774 0.0000000000 1
1.4627819549 0.0000000000 1
1.4691729323 -0.0000000000 1
1.4755639098 0.0000000000 1
1.4819548872 0.0000000000 1
1.4883458647 0.0000000000 1
1.4947368421 0.0000000000 1
1.5011278195 0.0000000000 1
1.5075187970 0.0000000000 1
1.5139097744 0.0000000000 1
1.5203007519 -0.0000000000 1
1.5266917293 -0.0000000000 1
1.5330827068 0.0000000000 1
1.5394736842 0.0000000000 1
1.5458646617 -0.0000000000 1
1.5522556391 -0.0000000000 1
1.5586466165 0.0000000000 1
1.5650375940 0.0000000000 1
1.5714285714 0.0000000000 1
1.5778195489 0.0000000000 1
1.5842105263 0.0000000000 1
1.5906015038 -0.0000000000 1
1.5969924812 0.0000000000 -1
1.6033834586 0.0000000000 -1
1.6097744361 0.0000000000 -1
1.6161654135 0.0000000000 -1
1.6225563910 0.0000000000 -1
1.6289473684 0.0000000000 -1
1.6353383459 -0.0000000000 -1
1.6417293233 0.0000000000 -1
1.6481203008 0.0000000000 -1
1.6545112782 0.0000000000 -1
1.6609022556 -0.0000000000 -1
1.6672932331 0.0000000000 -1
1.6736842105 0.0000000000 -1
1.6800751880 0.0000000000 -1
1.6864661654 0.0000000000 -1
1.6928571429 0.0000000000 -1
1.6992481203 0.0000000000 -1
1.7056390977 0.0000000000 -1
1.7120300752 0.0000000000 -1
1.7184210526 -0.0000000000 -1
1.7248120301 0.0000000000 -1
1.7312030075 0.0000000000 -1
1.7375939850 0.0000000000 -1
1.7439849624 -0.0000000000 -1
1.7503759398 -0.0000000000 -1
1.7567669173 -0.0000000000 -1
1.7631578947 0.0000000000 -1
1.7695488722 0.0000000000 -1
1.7759398496 -0.0000000000 -1
1.7823308271 0.0000000000 -1
1.7887218045 -0.0000000000 -1
1.7951127820 0.0000000000 -1
1.8015037594 0.0000000000 -1
1.8078947368 -0.0000000000 -1
1.8142857143 -0.0000000000 -1
1.8206766917 0.0000000000 -1
1.8270676692 -0.0000000000 -1
1.8334586466 0.0000000000 -1
1.8398496241 0.0000000000 -1
1.8462406015 0.0000000000 -1
1.8526315789 0.0000000000 -1
1.8590225564 0.0000000000 -1
1.8654135338 -0.0000000000 -1
1.8718045113 -0.0000000000 -1
1.8781954887 0.0000000000 -1
1.8845864662 0.0000000000 -1
1.8909774436 0.0000000000 -1
1.8973684211 -0.0000000000 -1
1.9037593985 0.0000000000 -1
1.9101503759 0.0000000000 -1
1.9165413534 0.0000000000 -1
1.9229323308 0.0000000000 -1
1.9293233083 0.0000000000 -1
1.9357142857 0.0000000000 -1
1.9421052632 -0.0000000000 -1
1.9484962406 -0.0000000000 -1
1.9548872180 0.0000000000 -1
1.9612781955 0.0000000000 -1
1.9676691729 0.0000000000 -1
1.9740601504 -0.0000000000 -1
1.9804511278 -0.0000000000 -1
1.9868421053 0.0000000000 -1
1.9932330827 0.0000000000 -1
1.9996240602 0.0000000000 -1
2.0060150376 0.0000000000 -1
2.0124060150 -0.0000000000 -1
2.0187969925 0.0000000000 -1
2.0251879699 -0.0000000000 -1
2.0315789474 0.0000000000 -1
2.0379699248 -0.0000000000 -1
2.0443609023 -0.0000000000 -1
2.0507518797 -0.0000000000 -1
2.0571428571 0.0000000000 -1
2.0635338346 -0.0000000000 -1
2.0699248120 0.0000000000 -1
2.0763157895 0.0000000000 -1
2.0827067669 0.0000000000 -1
2.0890977444 0.0000000000 -1
2.0954887218 0.0000000000 -1
2.1018796992 -0.0000000000 -1
2.1082706767 0.0000000000 -1
2.1146616541 0.0000000000 -1
2.1210526316 0.0000000000 -1
2.1274436090 0.0000000000 -1
2.1338345865 0.0000000000 -1
2.1402255639 -0.0000000000 -1
2.1466165414 0.0000000000 -1
2.1530075188 0.0000000000 -1
2.1593984962 0.0000000000 -1
2.1657894737 0.0000000000 -1
2.1721804511 0.0000000000 -1
2.1785714286 0.0000000000 -1
2.1849624060 0.0000000000 -1
2.1913533835 0.0000000000 -1
2.1977443609 0.0000000000 -1
2.2041353383 0.0000000000 -1
2.2105263158 -0.0000000000 -1
2.2169172932 0.0000000000 -1
2.2233082707 -0.0000000000 -1
2.2296992481 0.0000000000 -1
2.2360902256 0.0000000000 -1
2.2424812030 0.0000000000 -1
2.2488721805 0.0000000000 -1
2.2552631579 -0.0000000000 -1
2.2616541353 0.0000000000 -1
2.2680451128 0.0000000000 -1
2.2744360902 0.0000000000 -1
2.2808270677 0.0000000000 -1
2.2872180451 0.0000000000 -1
2.2936090226 0.0000000000 -1
2.3000000000 -0.0000000000 -1
2.3063909774 0.0000000000 -1
2.3127819549 0.0000000000 -1
2.3191729323 0.0000000000 -1
2.3255639098 0.0000000000 -1
2.3319548872 -0.0000000000 -1
2.3383458647 0.0000000000 -1
2.3447368421 0.0000000000 -1
2.3511278195 0.0000000000 -1
2.3575187970 -0.0000000000 -1
2.3639097744 0.0000000000 -1
2.3703007519 -0.0000000000 -1
2.3766917293 0.0000000000 -1
2.3830827068 0.0000000000 -1
2.3894736842 0.0000000000 -1
2.3958646617 0.0000000000 -1
2.4022556391 0.0000000000 -1
2.4086466165 -0.0000000000 -1
2.4150375940 0.0000000000 -1
2.4214285714 0.0000000000 -1
2.4278195489 0.0000000000 -1
2.4342105263 0.0000000000 -1
2.4406015038 0.0000000000 -1
2.4469924812 0.0000000000 -1
2.4533834586 0.0000000000 -1
2.4597744361 -0.0000000000 -1
2.4661654135 0.0000000000 -1
2.4725563910 0.0000000000 -1
2.4789473684 0.0000000000 -1
2.4853383459 0.0000000000 -1
2.4917293233 0.0000000000 -1
2.4981203008 0.0000000000 -1
2.5045112782 0.0000000000 -1
2.5109022556 0.0000000000 -1
2.5172932331 0.0000000000 -1
2.5236842105 0.0000000000 -1
2.5300751880 0.0000000000 -1
2.5364661654 0.0000000000 -1
2.5428571429 -0.0000000000 -1
2.5492481203 0.0000000000 -1
2.5556390977 0.0000000000 -1
2.5620300752 -0.0000000000 -1
2.5684210526 -0.0000000000 -1
2.5748120301 0.0000000000 -1
2.5812030075 0.0000000000 -1
2.5875939850 -0.0000000000 -1
2.5939849624 0.0000000000 -1
2.6003759398 0.0000000000 -1
2.6067669173 0.0000000000 -1
2.6131578947 0.0000000000 -1
2.6195488722 0.0000000000 -1
2.6259398496 0.0000000000 -1
2.6323308271 -0.0000000000 -1
2.6387218045 0.0000000000 -1
2.6451127820 0.0000000000 -1
2.6515037594 0.0000000000 -1
2.6578947368 -0.0000000000 -1
2.6642857143 -0.0000000000 -1
2.6706766917 0.0000000000 -1
2.6770676692 0.0000000000 -1
2.6834586466 0.0000000000 -1
2.6898496241 0.0000000000 -1
2.6962406015 0.0000000000 -1
2.7026315789 0.0000000000 -1
2.7090225564 0.0000000000 -1
2.7154135338 0.0000000000 -1
2.7218045113 -0.0000000000 -1
2.7281954887 0.0000000000 -1
2.7345864662 0.0000000000 -1
2.7409774436 0.0000000000 -1
2.7473684211 0.0000000000 -1
2.7537593985 -0.0000000000 -1
2.7601503759 0.0000000000 -1
2.7665413534 0.0000000000 -1
2.7729323308 0.0000000000 -1
2.7793233083 0.0000000000 -1
2.7857142857 0.0000000000 -1
2.7921052632 0.0000000000 -1
2.7984962406 0.0000000000 -1
2.8048872180 0.0000000000 -1
2.8112781955 0.0000000000 -1
2.8176691729 0.0000000000 -1
2.8240601504 0.0000000000 -1
2.8304511278 0.0000000000 -1
2.8368421053 0.0000000000 -1
2.8432330827 0.0000000000 -1
2.8496240602 -0.0000000000 -1
2.8560150376 -0.0000000000 -1
2.8624060150 0.0000000000 -1
2.8687969925 -0.0000000000 -1
2.8751879699 -0.0000000000 -1
2.8815789474 -0.0000000000 -1
2.8879699248 0.0000000000 -1
2.8943609023 0.0000000000 -1
2.9007518797 -0.0000000000 -1
2.9071428571 0.0000000000 -1
2.9135338346 -0.0000000000 -1
2.9199248120 0.0000000000 -1
2.9263157895 0.0000000000 -1
2.9327067669 0.0000000000 -1
2.9390977444 0.0000000000 -1
2.9454887218 -0.0000000000 -1
2.9518796992 0.0000000000 -1
2.9582706767 0.0000000000 -1
2.9646616541 0.0000000000 -1
2.9710526316 0.0000000000 -1
2.9774436090 0.0000000000 -1
2.9838345865 0.0000000000 -1
2.9902255639 0.0000000000 -1
2.9966165414 0.0000000000 -1
3.0030075188 0.0000000000 -1
3.0093984962 0.0000000000 -1
3.0157894737 0.0000000000 -1
3.0221804511 0.0000000000 -1
3.0285714286 0.0000000000 -1
3.0349624060 0.0000000000 -1
3.0413533835 0.0000000000 -1
3.0477443609 0.0000000000 -1
3.0541353383 0.0000000000 -1
3.0605263158 0.0000000000 -1
3.0669172932 0.0000000000 -1
3.0733082707 0.0000000000 -1
3.0796992481 0.0000000000 -1
3.0860902256 -0.0000000000 -1
3.0924812030 0.0000000000 -1
3.0988721805 -0.0000000000 -1
3.1052631579 0.0000000000 -1
3.1116541353 0.0000000000 -1
3.1180451128 0.0000000000 -1
3.1244360902 -0.0000000000 -1
3.1308270677 0.0000000000 -1
3.1372180451 0.0000000000 -1
3.1436090226 0.0000000000 -1
3.1500000000 0.0000000000 -1
3.1563909774 0.0000000000 -1
3.1627819549 0.0000000000 -1
3.1691729323 -0.0000000000 -1
3.1755639098 0.0000000000 -1
3.1819548872 0.0000000000 -1
3.1883458647 -0.0000000000 -1
3.1947368421 0.0000000000 -1
3.2011278195 0.0000000000 -1
3.2075187970 -0.0000000000 1
3.2139097744 -0.0000000000 1
3.2203007519 0.0000000000 1
3.2266917293 -0.0000000000 1
3.2330827068 -0.0000000000 1
3.2394736842 -0.0000000000 1
3.2458646617 0.0000000000 1
3.2522556391 -0.0000000000 1
3.2586466165 -0.0000000000 1
3.2650375940 0.0000000000 1
3.2714285714 0.0000000000 1
3.2778195489 0.0000000000 1
3.2842105263 -0.0000000000 1
3.2906015038 -0.0000000000 1
3.2969924812 0.0000000000 1
3.3033834586 0.0000000000 1
3.3097744361 0.0000000000 1
3.3161654135 0.0000000000 1
3.3225563910 -0.0000000000 1
3.3289473684 0.0000000000 1
3.3353383459 -0.0000000000 1
3.3417293233 -0.0000000000 1
3.3481203008 0.0000000000 1
3.3545112782 0.0000000000 1
3.3609022556 -0.0000000000 1
3.3672932331 0.0000000000 1
3.3736842105 0.0000000000 1
3.3800751880 -0.0000000000 1
3.3864661654 -0.0000000000 1
3.3928571429 0.0000000000 1
3.3992481203 0.0000000000 1
3.4056390977 -0.0000000000 1
3.4120300752 -0.0000000000 1
3.4184210526 -0.0000000000 1
3.4248120301 -0.0000000000 1
3.4312030075 -0.0000000000 1
3.4375939850 -0.0000000000 1
3.4439849624 0.0000000000 1
3.4503759398 0.0000000000 1
3.4567669173 0.0000000000 1
3.4631578947 0.0000000000 1
3.4695488722 0.0000000000 1
3.4759398496 0.0000000000 1
3.4823308271 0.0000000000 1
3.4887218045 0.0000000000 1
3.4951127820 -0.0000000000 1
3.5015037594 0.0000000000 1
3.5078947368 0.0000000000 1
3.5142857143 0.0000000000 1
3.5206766917 0.0000000000 1
3.5270676692 0.0000000000 1
3.5334586466 -0.0000000000 1
3.5398496241 -0.0000000000 1
3.5462406015 -0.0000000000 1
3.5526315789 0.0000000000 1
3.5590225564 0.0000000000 1
3.5654135338 -0.0000000000 1
3.5718045113 0.0000000000 1
3.5781954887 -0.0000000000 1
3.5845864662 -0.0000000000 1
3.5909774436 -0.0000000000 1
3.5973684211 0.0000000000 1
3.6037593985 0.0000000000 1
3.6101503759 0.0000000000 1
3.6165413534 0.0000000000 1
3.6229323308 0.0000000000 1
3.6293233083 0.0000000000 1
3.6357142857 0.0000000000 1
3.6421052632 0.0000000000 1
3.6484962406 0.0000000000 1
3.6548872180 -0.0000000000 1
3.6612781955 0.0000000000 1
3.6676691729 0.0000000000 1
3.6740601504 0.0000000000 1
3.6804511278 0.0000000000 1
3.6868421053 -0.0000000000 1
3.6932330827 0.0000000000 1
3.6996240602 -0.0000000000 1
3.7060150376 -0.0000000000 1
3.7124060150 0.0000000000 1
3.7187969925 -0.0000000000 1
3.7251879699 0.0000000000 1
3.7315789474 -0.0000000000 1
3.7379699248 -0.0000000000 1
3.7443609023 0.0000000000 1
3.7507518797 -0.0000000000 1
3.7571428571 -0.0000000000 1
3.7635338346 0.0000000000 1
3.7699248120 0.0000000000 1
3.7763157895 -0.0000000000 1
3.7827067669 0.0000000000 1
3.7890977444 0.0000000000 1
3.7954887218 -0.0000000000 1
3.8018796992 -0.0000000000 1
3.8082706767 -0.0000000000 1
3.8146616541 -0.0000000000 1
3.8210526316 0.0000000000 1
3.8274436090 0.0000000000 1
3.8338345865 0.0000000000 1
3.8402255639 0.0000000000 1
3.8466165414 0.0000000000 1
3.8530075188 0.0000000000 1
3.8593984962 0.0000000000 1
3.8657894737 -0.0000000000 1
3.8721804511 0.0000000000 1
3.8785714286 0.0000000000 1
3.8849624060 0.0000000000 1
3.8913533835 -0.0000000000 1
3.8977443609 0.0000000000 1
3.9041353383 -0.0000000000 1
3.9105263158 0.0000000000 1
3.9169172932 0.0000000000 1
3.9233082707 0.0000000000 1
3.9296992481 0.0000000000 1
3.9360902256 -0.0000000000 1
3.9424812030 0.0000000000 1
3.9488721805 0.0000000000 1
3.9552631579 0.0000000000 1
3.9616541353 -0.0000000000 1
3.9680451128 0.0000000000 1
3.9744360902 0.0000000000 1
3.9808270677 0.0000000000 1
3.9872180451 0.0000000000 1
3.9936090226 0.0000000000 1
4.0000000000 0.0000000000 1
