1.4676954351 0.0000000000 -1
1.4676931370 0.0000000000 -1
1.4675099287 0.0000000139 -1
1.4669547446 0.0000002244 -1
1.4660357376 0.0000011308 -1
1.4647656991 0.0000035354 -1
1.4631618523 0.0000084976 -1
1.4612452429 0.0000172747 -1
1.4590400731 0.0000312548 -1
1.4565730378 0.0000518859 -1
1.4538727090 0.0000806095 -1
1.4509690006 0.0001187874 -1
1.4478927314 0.0001676381 -1
1.4446752890 0.0002281828 -1
1.4413483902 0.0003011804 -1
1.4379439224 0.0003871036 -1
1.4344938507 0.0004860652 -1
1.4310301722 0.0005978158 -1
1.4275848959 0.0007216826 -1
1.4241900332 0.0008565573 -1
1.4208775781 0.0010009036 -1
1.4176794636 0.0011527057 -1
1.4146274785 0.0013094992 -1
1.4117531349 0.0014683927 -1
1.4090874763 0.0016260767 -1
1.4066608259 0.0017789187 -1
1.4045024749 0.0019229085 -1
1.4026403227 0.0020539567 -1
1.4011004845 0.0021677674 -1
1.3999068911 0.0022600488 -1
1.3990809092 0.0023266502 -1
1.3986410160 0.0023636390 -1
1.3985689209 0.0023701069 -1
1.3986025556 0.0023674126 -1
1.3989776055 0.0023348018 -1
1.3997749675 0.0022631304 -1
1.4010002879 0.0021502438 -1
1.4026563025 0.0019946241 -1
1.4047431876 0.0017952983 -1
1.4072589944 0.0015518753 -1
1.4102001400 0.0012643533 -1
1.4135619290 0.0009333780 1
1.4173390821 0.0005596363 1
1.4215262571 0.0001445933 1
1.4261185494 -0.0003104699 1
1.4311119730 -0.0008037702 1
1.4365039217 -0.0013337069 1
1.4422936246 -0.0018984670 1
1.4484826089 -0.0024962409 1
1.4550751943 -0.0031252782 1
1.4620790483 -0.0037834866 1
1.4695058408 -0.0044705504 1
1.4773720528 -0.0051835388 1
1.4857000132 -0.0059220374 1
1.4945192704 -0.0066846594 1
1.5038684621 -0.0074713547 1
1.5137979321 -0.0082807853 1
1.5243735000 -0.0091130175 1
1.5356820644 -0.0099685297 1
1.5478402404 -0.0108480208 1
1.5610082589 -0.0117532978 1
1.5754135436 -0.0126870635 1
1.5913933690 -0.0136533846 1
1.6094785366 -0.0146599849 1
1.6305745095 -0.0157164273 1
1.6563944977 -0.0168414182 1
1.6903740042 -0.0180435138 1
1.7346139857 -0.0191491103 1
1.7752657967 -0.0197266583 1
1.8067773631 -0.0198996712 1
1.8327201599 -0.0198715115 1
1.8552934868 -0.0197275853 1
1.8756344211 -0.0195070592 1
1.8943906402 -0.0192312294 1
1.9119662331 -0.0189126598 1
1.9286316931 -0.0185596000 1
1.9445781869 -0.0181777322 1
1.9599467360 -0.0177714026 1
1.9748450463 -0.0173432721 1
1.9893577850 -0.0168962824 1
2.0035531548 -0.0164322880 1
2.0174872656 -0.0159529085 1
2.0312071380 -0.0154598804 1
2.0447528252 -0.0149539381 1
2.0581589466 -0.0144364855 1
2.0714558198 -0.0139084298 1
2.0846703102 -0.0133707965 1
2.0978264802 -0.0128245837 1
2.1109460892 -0.0122706885 1
2.1240489870 -0.0117101641 1
2.1371534270 -0.0111439040 1
2.1502763218 -0.0105729205 1
2.1634334578 -0.0099983230 1
2.1766396860 -0.0094212107 1
2.1899091074 -0.0088428670 -1
2.2032552686 -0.0082645831 -1
2.2166913950 -0.0076877883 -1
2.2302306944 -0.0071140080 -1
2.2438867776 -0.0065448405 -1
2.2576742662 -0.0059820770 -1
2.2716096822 -0.0054275023 -1
2.2857127454 -0.0048830828 -1
2.3000081880 -0.0043508573 -1
2.3145279478 -0.0038329726 -1
2.3293122580 -0.0033318302 -1
2.3444018416 -0.0028505634 -1
2.3597835822 -0.0023948876 -1
2.3751267768 -0.0019797544 -1
2.3890262834 -0.0016427995 -1
2.3993171958 -0.0014223294 -1
2.4057807186 -0.0013004064 -1
2.4095363118 -0.0012380112 -1
2.4114620546 -0.0012099093 -1
2.4120635206 -0.0012021343 -1
2.4120646438 -0.0012021191 -1
2.4116313650 -0.0012063318 -1
2.4103433474 -0.0012168210 -1
2.4083180648 -0.0012293121 -1
2.4056447438 -0.0012401931 -1
2.4024018980 -0.0012463613 -1
2.3986706314 -0.0012451231 -1
2.3945446096 -0.0012343486 -1
2.3901364032 -0.0012127201 -1
2.3855785888 -0.0011799226 -1
2.3810182482 -0.0011371510 -1
2.3766056908 -0.0010863783 -1
2.3724810828 -0.0010309932 -1
2.3687637512 -0.0009744878 -1
2.3655471128 -0.0009207149 -1
2.3628991140 -0.0008730628 -1
2.3608660774 -0.0008344225 -1
2.3594776142 -0.0008070617 -1
2.3587510238 -0.0007923675 -1
2.3586363948 -0.0007900339 -1
2.3586364718 -0.0007900355 -1
2.3586944352 -0.0007911894 -1
2.3593084552 -0.0008036521 -1
2.3605862966 -0.0008289792 -1
2.3625123860 -0.0008657928 -1
2.3650594670 -0.0009121519 -1
2.3681843782 -0.0009651032 -1
2.3718231426 -0.0010214090 -1
2.3758867916 -0.0010773023 -1
2.3802601774 -0.0011290658 -1
2.3848060296 -0.0011734325 -1
2.3893748280 -0.0012079506 -1
2.3938180400 -0.0012314935 -1
2.3980000750 -0.0012440097 -1
2.4018048968 -0.0012467131 -1
2.4051359788 -0.0012416500 -1
2.4079107136 -0.0012313389 -1
2.4100509814 -0.0012188878 -1
2.4114704762 -0.0012077905 -1
2.4120572248 -0.0012021976 -1
2.4120646112 -0.0012021235 -1
2.4116463174 -0.0012074508 -1
2.4099715678 -0.0012313569 -1
2.4065737272 -0.0012865984 -1
2.4006470632 -0.0013960375 -1
2.3910540636 -0.0015971884 -1
2.3776327692 -0.0019160668 -1
2.3623916322 -0.0023214128 -1
2.3469762834 -0.0027717355 -1
2.3318331934 -0.0032492160 -1
2.3169999658 -0.0037472615 -1
2.3024386426 -0.0042625058 -1
2.2881078590 -0.0047924678 -1
2.2739742738 -0.0053349805 -1
2.2600120954 -0.0058879856 -1
2.2462009010 -0.0064495125 -1
2.2325237340 -0.0070177115 -1
2.2189657242 -0.0075908449 -1
2.2055131392 -0.0081672335 -1
2.1921527372 -0.0087453404 -1
2.1788713190 -0.0093237878 1
2.1656554104 -0.0099011250 1
2.1524910184 -0.0104762273 1
2.1393634308 -0.0110479323 1
2.1262570322 -0.0116150463 1
2.1131551140 -0.0121766512 1
2.1000396652 -0.0127317256 1
2.0868911252 -0.0132792908 1
2.0736880816 -0.0138183181 1
2.0604068922 -0.0143481245 1
2.0470212044 -0.0148674247 1
2.0335013358 -0.0153753442 1
2.0198134624 -0.0158708759 1
2.0059185412 -0.0163527155 1
1.9917708558 -0.0168193395 1
1.9773160097 -0.0172692499 1
1.9624880995 -0.0177005537 1
1.9472056195 -0.0181109024 1
1.9313653399 -0.0184971556 1
1.9148328047 -0.0188554816 1
1.8974269001 -0.0191803705 1
1.8788933792 -0.0194641648 1
1.8588562529 -0.0196950592 1
1.8367207980 -0.0198539992 1
1.8114602926 -0.0199061659 1
1.7811151987 -0.0197767585 1
1.7421703815 -0.0192873298 1
1.6972378297 -0.0182492339 1
1.6614208815 -0.0170393265 1
1.6345293639 -0.0159014157 1
1.6127899777 -0.0148341344 1
1.5942753451 -0.0138202214 1
1.5779850430 -0.0128474916 1
1.5633419304 -0.0119085483 1
1.5499836377 -0.0109988294 1
1.5376679576 -0.0101151620 1
1.5262253491 -0.0092557243 1
1.5155330121 -0.0084195224 1
1.5054997528 -0.0076061026 1
1.4960566554 -0.0068157116 1
1.4871510719 -0.0060489810 1
1.4787425999 -0.0053062909 1
1.4708003064 -0.0045885681 1
1.4633007535 -0.0038974647 1
1.4562265548 -0.0032340333 1
1.4495652911 -0.0025998741 1
1.4433086699 -0.0019968344 1
1.4374518483 -0.0014264510 1
1.4319928643 -0.0008905256 1
1.4269321344 -0.0003909692 1
1.4222719874 0.0000706315 1
1.4180162088 0.0004926030 1
1.4141695814 0.0008733107 1
1.4107374082 0.0012115892 -1
1.4077250151 0.0015064843 -1
1.4051372329 0.0017573561 -1
1.4029778690 0.0019641133 -1
1.4012491832 0.0021270307 -1
1.3999513898 0.0022470154 -1
1.3990822114 0.0023255128 -1
1.3986365126 0.0023645445 -1
1.3985689259 0.0023700952 -1
1.3986060355 0.0023667013 -1
1.3989792575 0.0023350556 -1
1.3997413789 0.0022731788 -1
1.4008744363 0.0021849307 -1
1.4023575291 0.0020744549 -1
1.4041671331 0.0019460237 -1
1.4062774733 0.0018038931 -1
1.4086609232 0.0016522724 -1
1.4112883996 0.0014951405 -1
1.4141297300 0.0013362132 -1
1.4171539730 0.0011788517 -1
1.4203296804 0.0010260248 -1
1.4236250991 0.0008802732 -1
1.4270083135 0.0007436780 -1
1.4304473357 0.0006178675 -1
1.4339101558 0.0005040205 -1
1.4373647632 0.0004028710 -1
1.4407791581 0.0003147496 -1
1.4441213678 0.0002395958 -1
1.4473594867 0.0001770012 -1
1.4504617603 0.0001262422 -1
1.4533967311 0.0000863470 -1
1.4561334634 0.0000561210 -1
1.4586418632 0.0000342255 -1
1.4608930973 0.0000192281 -1
1.4628601132 0.0000096731 -1
1.4645182428 0.0000041607 -1
1.4658458612 0.0000014051 -1
1.4668250559 0.0000003101 -1
1.4674422500 0.0000000260 -1
1.4676887182 0.0000000000 -1
1.4676934255 0.0000000000 -1
1.4676934161 0.0000000000 -1
1.4675609387 0.0000000073 -1
1.4670607400 0.0000001646 -1
1.4661952245 0.0000009234 -1
1.4649764779 0.0000030436 -1
1.4634210998 0.0000075494 -1
1.4615496081 0.0000156721 -1
1.4593857777 0.0000287867 -1
1.4569559727 0.0000483348 -1
1.4542885217 0.0000757641 -1
1.4514131690 0.0001124530 -1
1.4483606222 0.0001596439 -1
1.4451622017 0.0002183920 -1
1.4418495871 0.0002894971 -1
1.4384546476 0.0003734776 -1
1.4350093408 0.0004705047 -1
1.4315456603 0.0005803809 -1
1.4280956143 0.0007025039 -1
1.4246912146 0.0008358232 -1
1.4213644597 0.0009788798 -1
1.4181472960 0.0011297094 -1
1.4150715408 0.0012859352 -1
1.4121687579 0.0014447294 -1
1.4094700754 0.0016028083 -1
1.4070059420 0.0017566109 -1
1.4048058244 0.0019021887 -1
1.4028978537 0.0020354256 -1
1.4013084362 0.0021520731 -1
1.4000618529 0.0022478317 -1
1.3991798749 0.0023185275 -1
1.3986814274 0.0023601521 -1
1.3985689232 0.0023701108 -1
1.3985823324 0.0023690947 -1
1.3988951579 0.0023420649 -1
1.3996291887 0.0022763539 -1
