0.0000000000 0.4763836020
0.0050000000 0.4768082515
0.0100000000 0.4776756097
0.0150000000 0.4789858552
0.0200000000 0.4811164033
0.0250000000 0.4837308656
0.0300000000 0.4867949379
0.0350000000 0.4906605201
0.0400000000 0.4950068959
0.0450000000 0.4999676041
0.0500000000 0.5055153072
0.0550000000 0.5116571612
0.0600000000 0.5185294836
0.0650000000 0.5260361172
0.0700000000 0.5341209812
0.0750000000 0.5428916599
0.0800000000 0.5523340727
0.0850000000 0.5624610913
0.0900000000 0.5732861588
0.0950000000 0.5847824059
0.1000000000 0.5970954038
0.1050000000 0.6101166500
0.1100000000 0.6238590234
0.1150000000 0.6384074689
0.1200000000 0.6537014556
0.1250000000 0.6698592660
0.1300000000 0.6867763112
0.1350000000 0.7045256948
0.1400000000 0.7230946720
0.1450000000 0.7425012315
0.1500000000 0.7627113543
0.1550000000 0.7837474616
0.1600000000 0.8055579613
0.1650000000 0.8281061449
0.1700000000 0.8512902249
0.1750000000 0.8749818003
0.1800000000 0.8989331925
0.1850000000 0.9226882119
0.1900000000 0.9452800924
0.1950000000 0.9642503168
0.2000000000 0.9728447775
0.2050000000 0.9642454874
0.2100000000 0.9452743274
0.2150000000 0.9226876561
0.2200000000 0.8989330634
0.2250000000 0.8749822659
0.2300000000 0.8512922628
0.2350000000 0.8281070942
0.2400000000 0.8055682702
0.2450000000 0.7837524320
0.2500000000 0.7627284605
0.2550000000 0.7425185677
0.2600000000 0.7230915575
0.2650000000 0.7045279916
0.2700000000 0.6868070815
0.2750000000 0.6698714156
0.2800000000 0.6537019774
0.2850000000 0.6384153586
0.2900000000 0.6239240943
0.2950000000 0.6101530023
0.3000000000 0.5971384855
0.3050000000 0.5848659401
0.3100000000 0.5733207953
0.3150000000 0.5625356727
0.3200000000 0.5523276883
0.3250000000 0.5428869585
0.3300000000 0.5341804964
0.3350000000 0.5260722366
0.3400000000 0.5185544696
0.3450000000 0.5116744692
0.3500000000 0.5056709036
0.3550000000 0.4999736196
0.3600000000 0.4950732580
0.3650000000 0.4907176374
0.3700000000 0.4868358897
0.3750000000 0.4837910148
0.3800000000 0.4810457367
0.3850000000 0.4791537620
0.3900000000 0.4776755617
0.3950000000 0.4767290127
0.4000000000 0.4765611213
0.4050000000 0.4767748971
0.4100000000 0.4776421473
0.4150000000 0.4791467686
0.4200000000 0.4810353047
0.4250000000 0.4837299280
0.4300000000 0.4868771916
0.4350000000 0.4906139983
0.4400000000 0.4949027734
0.4450000000 0.4999490875
0.4500000000 0.5055701219
0.4550000000 0.5117664389
0.4600000000 0.5185288803
0.4650000000 0.5259887272
0.4700000000 0.5340967020
0.4750000000 0.5428643413
0.4800000000 0.5523038815
0.4850000000 0.5624229464
0.4900000000 0.5732843116
0.4950000000 0.5848393555
0.5000000000 0.5971013710
0.5050000000 0.6100838449
0.5100000000 0.6238695466
0.5150000000 0.6383943978
0.5200000000 0.6537342686
0.5250000000 0.6698210900
0.5300000000 0.6867710990
0.5350000000 0.7045324795
0.5400000000 0.7230948051
0.5450000000 0.7424854754
0.5500000000 0.7627238551
0.5550000000 0.7837548253
0.5600000000 0.8055654772
0.5650000000 0.8281002170
0.5700000000 0.8512890107
0.5750000000 0.8749809454
0.5800000000 0.8989334910
0.5850000000 0.9226880466
0.5900000000 0.9452826465
0.5950000000 0.9642490442
0.6000000000 0.9728448041
0.6050000000 0.9642473301
0.6100000000 0.9452826697
0.6150000000 0.9226877802
0.6200000000 0.8989332822
0.6250000000 0.8749819337
0.6300000000 0.8512892628
0.6350000000 0.8281033140
0.6400000000 0.8055592675
0.6450000000 0.7837600387
0.6500000000 0.7627291349
0.6550000000 0.7425075461
0.6600000000 0.7231064989
0.6650000000 0.7045325876
0.6700000000 0.6867923931
0.6750000000 0.6698423916
0.6800000000 0.6537719736
0.6850000000 0.6384407087
0.6900000000 0.6238831307
0.6950000000 0.6100859289
0.7000000000 0.5970613586
0.7050000000 0.5848180532
0.7100000000 0.5733141824
0.7150000000 0.5625069003
0.7200000000 0.5523832552
0.7250000000 0.5429307177
0.7300000000 0.5341729617
0.7350000000 0.5260187875
0.7400000000 0.5186521401
0.7450000000 0.5117650559
0.7500000000 0.5055235220
0.7550000000 0.5000391065
0.7600000000 0.4950135729
0.7650000000 0.4906014795
0.7700000000 0.4869951026
0.7750000000 0.4836000462
0.7800000000 0.4812095323
0.7850000000 0.4790808556
0.7900000000 0.4777242984
0.7950000000 0.4768474061
0.8000000000 0.4765180197
0.8050000000 0.4768867195
0.8100000000 0.4775828517
0.8150000000 0.4790986988
0.8200000000 0.4811139748
0.8250000000 0.4836181420
0.8300000000 0.4868572683
0.8350000000 0.4906778908
0.8400000000 0.4950007586
0.8450000000 0.4999056183
0.8500000000 0.5055110402
0.8550000000 0.5117331963
0.8600000000 0.5185735743
0.8650000000 0.5260417450
0.8700000000 0.5341479671
0.8750000000 0.5428837632
0.8800000000 0.5523392669
0.8850000000 0.5624755742
0.8900000000 0.5733059155
0.8950000000 0.5848439843
0.9000000000 0.5970595955
0.9050000000 0.6101021524
0.9100000000 0.6238788440
0.9150000000 0.6383749386
0.9200000000 0.6537288849
0.9250000000 0.6698484208
0.9300000000 0.6867591324
0.9350000000 0.7045059481
0.9400000000 0.7230815019
0.9450000000 0.7424979499
0.9500000000 0.7627209594
0.9550000000 0.7837543387
0.9600000000 0.8055660969
0.9650000000 0.8281049116
0.9700000000 0.8512910131
0.9750000000 0.8749818822
0.9800000000 0.8989331693
0.9850000000 0.9226877255
0.9900000000 0.9452789988
0.9950000000 0.9642508794
1.0000000000 0.9728496373
