1.7343446812 0.0000000000 -1
1.7343441728 0.0000000000 -1
1.7342902299 0.0000000028 -1
1.7341266984 0.0000000408 -1
1.7338558876 0.0000002021 -1
1.7334815027 0.0000006285 -1
1.7330087076 0.0000015081 -1
1.7324440977 0.0000030671 -1
1.7317956680 0.0000055433 -1
1.7310727760 0.0000092125 -1
1.7302861030 0.0000142480 -1
1.7294476128 0.0000209140 -1
1.7285705100 0.0000293572 -1
1.7276691978 0.0000396528 -1
1.7267592347 0.0000517940 -1
1.7258572896 0.0000656621 -1
1.7249810936 0.0000810017 -1
1.7241493863 0.0000973938 -1
1.7233818536 0.0001142882 -1
1.7226990536 0.0001309688 -1
1.7221223278 0.0001463263 -1
1.7216736928 0.0001594585 -1
1.7213757109 0.0001688463 -1
1.7212513361 0.0001731740 -1
1.7212490936 0.0001732618 -1
1.7213237353 0.0001705270 -1
1.7216160856 0.0001592495 -1
1.7221513526 0.0001374358 -1
1.7229520534 0.0001027636 -1
1.7240400169 0.0000536580 -1
1.7254361513 -0.0000122998 -1
1.7271602330 -0.0000969884 -1
1.7292307338 -0.0002024611 -1
1.7316646981 -0.0003302918 -1
1.7344776874 -0.0004820160 -1
1.7376837987 -0.0006590783 -1
1.7412957665 -0.0008626365 -1
1.7453251505 -0.0010931513 1
1.7497826087 -0.0013511267 1
1.7546782546 -0.0016367191 1
1.7600220938 -0.0019514814 1
1.7658245415 -0.0022932687 1
1.7720970211 -0.0026619333 1
1.7788526560 -0.0030572817 1
1.7861070719 -0.0034785392 1
1.7938793460 -0.0039244897 1
1.8021931570 -0.0043940312 1
1.8110782174 -0.0048860479 1
1.8205721222 -0.0053994498 1
1.8307228118 -0.0059330995 1
1.8415919704 -0.0064860209 1
1.8532598799 -0.0070558878 1
1.8658326207 -0.0076439176 1
1.8794531947 -0.0082462037 1
1.8943195278 -0.0088645106 1
1.9107152384 -0.0094964595 1
1.9290657536 -0.0101394413 1
1.9500487527 -0.0107937049 1
1.9748292454 -0.0114539253 1
2.0055608564 -0.0121061710 1
2.0456371912 -0.0126852899 1
2.0920997632 -0.0129893076 1
2.1317409464 -0.0129560500 1
2.1634000084 -0.0127493600 1
2.1900211052 -0.0124614110 1
2.2133916600 -0.0121280372 1
2.2345078476 -0.0117675836 1
2.2539669726 -0.0113876229 1
2.2721541698 -0.0109961220 1
2.2893326814 -0.0105951938 1
2.3056908486 -0.0101887277 1
2.3213683736 -0.0097777373 1
2.3364719080 -0.0093647329 1
2.3510847652 -0.0089506009 1
2.3652732418 -0.0085364118 1
2.3790908664 -0.0081235014 1
2.3925813410 -0.0077126563 1
2.4057806266 -0.0073051903 1
2.4187184524 -0.0069011832 1
2.4314194194 -0.0065018507 1
2.4439038232 -0.0061076694 1
2.4561882724 -0.0057206156 1
2.4682861514 -0.0053403212 1
2.4802079716 -0.0049682803 1
2.4919616358 -0.0046050513 1
2.5035526380 -0.0042513813 1
2.5149842134 -0.0039081351 1
2.5262574494 -0.0035763095 1
2.5373713712 -0.0032564972 1
2.5483230072 -0.0029497791 1
2.5591074418 -0.0026566460 -1
2.5697178640 -0.0023779741 -1
2.5801456160 -0.0021141187 -1
2.5903802462 -0.0018660559 -1
2.6004095734 -0.0016341756 -1
2.6102197622 -0.0014187693 -1
2.6197954182 -0.0012202115 -1
2.6291196984 -0.0010385868 -1
2.6381744432 -0.0008739223 -1
2.6469403258 -0.0007262399 -1
2.6553970198 -0.0005950101 -1
2.6635233802 -0.0004798504 -1
2.6712976360 -0.0003802203 -1
2.6786975860 -0.0002952444 -1
2.6857007966 -0.0002240267 -1
2.6922847944 -0.0001654919 -1
2.6984272530 -0.0001184676 -1
2.7041061700 -0.0000816845 -1
2.7093000452 -0.0000538180 -1
2.7139880606 -0.0000335103 -1
2.7181502856 -0.0000194117 -1
2.7217679174 -0.0000102327 -1
2.7248235786 -0.0000047279 -1
2.7273016810 -0.0000017948 -1
2.7291888482 -0.0000004925 -1
2.7304743742 -0.0000000708 -1
2.7311506624 -0.0000000014 -1
2.7312621162 0.0000000000 -1
2.7312135842 -0.0000000002 -1
2.7306626898 -0.0000000410 -1
2.7295012316 -0.0000003552 -1
2.7277359952 -0.0000014232 -1
2.7253769714 -0.0000039527 -1
2.7224369316 -0.0000088503 -1
2.7189309704 -0.0000171913 -1
2.7148760738 -0.0000301920 -1
2.7102907422 -0.0000491362 -1
2.7051946790 -0.0000753796 -1
2.6996085382 -0.0001102748 -1
2.6935537126 -0.0001551667 -1
2.6870521472 -0.0002113328 -1
2.6801261608 -0.0002799732 -1
2.6727982656 -0.0003621955 -1
2.6650909806 -0.0004589428 -1
2.6570266376 -0.0005710134 -1
2.6486271820 -0.0006991297 -1
2.6399139730 -0.0008437527 -1
2.6309075880 -0.0010051530 -1
2.6216276372 -0.0011835843 -1
2.6120925912 -0.0013790297 -1
2.6023196264 -0.0015913576 -1
2.5923244884 -0.0018201314 -1
2.5821213760 -0.0020654400 -1
2.5717228442 -0.0023263634 -1
2.5611397234 -0.0026024185 -1
2.5503810542 -0.0028931729 1
2.5394540316 -0.0031974873 1
2.5283639574 -0.0035151686 1
2.5171141918 -0.0038449853 1
2.5057061020 -0.0041861862 1
2.4941390008 -0.0045383018 1
2.4824100650 -0.0048998057 1
2.4705142300 -0.0052707223 1
2.4584440496 -0.0056497369 1
2.4461895052 -0.0060358333 1
2.4337377554 -0.0064287096 1
2.4210728032 -0.0068269864 1
2.4081750542 -0.0072304766 1
2.3950207322 -0.0076375554 1
2.3815810982 -0.0080483202 1
2.3678214024 -0.0084610627 1
2.3536994620 -0.0088748795 1
2.3391636974 -0.0092889379 1
2.3241503696 -0.0097023126 1
2.3085796128 -0.0101144208 1
2.2923495704 -0.0105223972 1
2.2753274272 -0.0109237226 1
2.2573351590 -0.0113178357 1
2.2381257454 -0.0116993926 1
2.2173411146 -0.0120648116 1
2.1944324936 -0.0124037415 1
2.1684979228 -0.0127025573 1
2.1379381434 -0.0129283106 1
2.0999821332 -0.0130037910 1
2.0540212240 -0.0127691464 1
2.0121338968 -0.0122223167 1
1.9799865758 -0.0115764544 1
1.9543298007 -0.0109165173 1
1.9327639076 -0.0102606033 1
1.9139944152 -0.0096151642 1
1.8972789145 -0.0089821218 1
1.8821570145 -0.0083624769 1
1.8683246825 -0.0077559196 1
1.8555712705 -0.0071660037 1
1.8437454177 -0.0065925335 1
1.8327353091 -0.0060365316 1
1.8224565878 -0.0055002257 1
1.8128445926 -0.0049823128 1
1.8038491589 -0.0044864602 1
1.7954310045 -0.0040126256 1
1.7875591255 -0.0035622795 1
1.7802088556 -0.0031363737 1
1.7733603686 -0.0027362078 1
1.7669974855 -0.0023623502 1
1.7611066955 -0.0020151749 1
1.7556763289 -0.0016960551 1
1.7506958480 -0.0014042059 1
1.7461552332 -0.0011407330 1
1.7420444503 -0.0009046969 1
1.7383529997 -0.0006963293 -1
1.7350695432 -0.0005140751 -1
1.7321816148 -0.0003578204 -1
1.7296754162 -0.0002254807 -1
1.7275356984 -0.0001158154 -1
1.7257457260 -0.0000271781 -1
1.7242873199 0.0000420794 -1
1.7231409661 0.0000944925 -1
1.7222859806 0.0001317196 -1
1.7217007130 0.0001557759 -1
1.7213627760 0.0001690376 -1
1.7212492847 0.0001731596 -1
1.7212490872 0.0001731921 -1
1.7213370942 0.0001701217 -1
1.7216030258 0.0001615851 -1
1.7220240734 0.0001491403 -1
1.7225775875 0.0001340179 -1
1.7232414341 0.0001175955 -1
1.7239941295 0.0001006789 -1
1.7248149525 0.0000841231 -1
1.7256840374 0.0000685510 -1
1.7265824506 0.0000543610 -1
1.7274922557 0.0000418771 -1
1.7283965683 0.0000312143 -1
1.7292796059 0.0000224233 -1
1.7301267332 0.0000154189 -1
1.7309245058 0.0000100739 -1
1.7316607129 0.0000061581 -1
1.7323244192 0.0000034725 -1
1.7329060060 0.0000017511 -1
1.7333972108 0.0000007564 -1
1.7337911646 0.0000002588 -1
1.7340824250 0.0000000587 -1
1.7342670040 0.0000000054 -1
1.7343423898 0.0000000000 -1
1.7343442503 0.0000000000 -1
1.7343442595 0.0000000000 -1
1.7343442246 0.0000000000 -1
1.7343075607 0.0000000013 -1
1.7341629907 0.0000000285 -1
1.7339106466 0.0000001595 -1
1.7335539773 0.0000005273 -1
1.7330978941 0.0000013127 -1
1.7325487455 0.0000027353 -1
1.7319142848 0.0000050369 -1
1.7312036352 0.0000084770 -1
1.7304272501 0.0000132597 -1
1.7295968727 0.0000196316 -1
1.7287254946 0.0000277551 -1
1.7278273133 0.0000377267 -1
1.7269176890 0.0000495481 -1
1.7260131005 0.0000631246 -1
1.7251310977 0.0000782309 -1
1.7242902485 0.0000944948 -1
1.7235100789 0.0001113331 -1
1.7228110010 0.0001281153 -1
1.7222142269 0.0001437561 -1
1.7217416644 0.0001573972 -1
1.7214157910 0.0001675394 -1
1.7212595046 0.0001727948 -1
1.7212490872 0.0001732389 -1
1.7212959490 0.0001715214 -1
1.7215483150 0.0001618795 -1
1.7220396217 0.0001420712 -1
