0.0000000000 0.7140397143
0.0050000000 0.7144391090
0.0100000000 0.7155167020
0.0150000000 0.7172717053
0.0200000000 0.7197429525
0.0250000000 0.7229590060
0.0300000000 0.7268242003
0.0350000000 0.7314515925
0.0400000000 0.7367152088
0.0450000000 0.7426937657
0.0500000000 0.7493578091
0.0550000000 0.7566655552
0.0600000000 0.7646278754
0.0650000000 0.7732169374
0.0700000000 0.7824200422
0.0750000000 0.7921928629
0.0800000000 0.8024938249
0.0850000000 0.8132716325
0.0900000000 0.8244608269
0.0950000000 0.8359827536
0.1000000000 0.8477155787
0.1050000000 0.8595190462
0.1100000000 0.8712065303
0.1150000000 0.8825291491
0.1200000000 0.8931656339
0.1250000000 0.9027186167
0.1300000000 0.9106893796
0.1350000000 0.9165156359
0.1400000000 0.9197101930
0.1450000000 0.9199326311
0.1500000000 0.9171427947
0.1550000000 0.9116546385
0.1600000000 0.9039628994
0.1650000000 0.8946105084
0.1700000000 0.8841003125
0.1750000000 0.8728521492
0.1800000000 0.8612013064
0.1850000000 0.8494012761
0.1900000000 0.8376471992
0.1950000000 0.8260924296
0.2000000000 0.8148498355
0.2050000000 0.8040067508
0.2100000000 0.7936331074
0.2150000000 0.7837879684
0.2200000000 0.7745014179
0.2250000000 0.7658116273
0.2300000000 0.7577696129
0.2350000000 0.7503581635
0.2400000000 0.7436020055
0.2450000000 0.7375446461
0.2500000000 0.7321676743
0.2550000000 0.7274525479
0.2600000000 0.7234813028
0.2650000000 0.7202008239
0.2700000000 0.7176175680
0.2750000000 0.7157338392
0.2800000000 0.7145512200
0.2850000000 0.7140751963
0.2900000000 0.7143347144
0.2950000000 0.7153202360
0.3000000000 0.7169909164
0.3050000000 0.7193459625
0.3100000000 0.7224601344
0.3150000000 0.7262374196
0.3200000000 0.7307399828
0.3250000000 0.7359177006
0.3300000000 0.7418078231
0.3350000000 0.7483558121
0.3400000000 0.7555715798
0.3450000000 0.7634441731
0.3500000000 0.7719501163
0.3550000000 0.7810630197
0.3600000000 0.7907554962
0.3650000000 0.8009887038
0.3700000000 0.8117062899
0.3750000000 0.8228421753
0.3800000000 0.8343197678
0.3850000000 0.8460309802
0.3900000000 0.8578356718
0.3950000000 0.8695524963
0.4000000000 0.8809450183
0.4050000000 0.8917030023
0.4100000000 0.9014371270
0.4150000000 0.9096627093
0.4200000000 0.9158358461
0.4250000000 0.9194303365
0.4300000000 0.9200844025
0.4350000000 0.9177157970
0.4400000000 0.9125882504
0.4450000000 0.9051770001
0.4500000000 0.8960239227
0.4550000000 0.8856505368
0.4600000000 0.8744905844
0.4650000000 0.8628809443
0.4700000000 0.8510881520
0.4750000000 0.8393174747
0.4800000000 0.8277271732
0.4850000000 0.8164324042
0.4900000000 0.8055233397
0.4950000000 0.7950798274
0.5000000000 0.7851537874
0.5050000000 0.7757925952
0.5100000000 0.7670264254
0.5150000000 0.7588712855
0.5200000000 0.7513756653
0.5250000000 0.7445260593
0.5300000000 0.7383716923
0.5350000000 0.7328808308
0.5400000000 0.7281068030
0.5450000000 0.7240115110
0.5500000000 0.7206067773
0.5550000000 0.7179208836
0.5600000000 0.7159318428
0.5650000000 0.7146834677
0.5700000000 0.7141350458
0.5750000000 0.7142869900
0.5800000000 0.7151244343
0.5850000000 0.7166780538
0.5900000000 0.7189913861
0.5950000000 0.7219645988
0.6000000000 0.7256564460
0.6050000000 0.7300503286
0.6100000000 0.7351510811
0.6150000000 0.7409118194
0.6200000000 0.7473808852
0.6250000000 0.7545135550
0.6300000000 0.7622870390
0.6350000000 0.7707045744
0.6400000000 0.7797328620
0.6450000000 0.7893441714
0.6500000000 0.7994980911
0.6550000000 0.8101415893
0.6600000000 0.8212289610
0.6650000000 0.8326626843
0.6700000000 0.8443494034
0.6750000000 0.8561497067
0.6800000000 0.8678924128
0.6850000000 0.8793480177
0.6900000000 0.8902184546
0.6950000000 0.9001292115
0.7000000000 0.9086035328
0.7050000000 0.9151018717
0.7100000000 0.9190887769
0.7150000000 0.9201768908
0.7200000000 0.9182323039
0.7250000000 0.9134764983
0.7300000000 0.9063561731
0.7350000000 0.8974208750
0.7400000000 0.8871927724
0.7450000000 0.8761180499
0.7500000000 0.8645550765
0.7550000000 0.8527755217
0.7600000000 0.8409914997
0.7650000000 0.8293683457
0.7700000000 0.8180240369
0.7750000000 0.8070567704
0.7800000000 0.7965410341
0.7850000000 0.7865351191
0.7900000000 0.7770978169
0.7950000000 0.7682423558
0.8000000000 0.7600004552
0.8050000000 0.7524108285
0.8100000000 0.7454704868
0.8150000000 0.7392011820
0.8200000000 0.7336129401
0.8250000000 0.7287491146
0.8300000000 0.7245464657
0.8350000000 0.7210238741
0.8400000000 0.7182277159
0.8450000000 0.7161532790
0.8500000000 0.7147896953
0.8550000000 0.7141362529
0.8600000000 0.7141847465
0.8650000000 0.7149703003
0.8700000000 0.7164306223
0.8750000000 0.7185871976
0.8800000000 0.7215014171
0.8850000000 0.7250769150
0.8900000000 0.7293924726
0.8950000000 0.7343679782
0.9000000000 0.7400604765
0.9050000000 0.7464166071
0.9100000000 0.7534334170
0.9150000000 0.7611275934
0.9200000000 0.7694596790
0.9250000000 0.7784006616
0.9300000000 0.7879248287
0.9350000000 0.7980088582
0.9400000000 0.8085982276
0.9450000000 0.8196235070
0.9500000000 0.8310109771
0.9550000000 0.8426691537
0.9600000000 0.8544630842
0.9650000000 0.8662269390
0.9700000000 0.8777414961
0.9750000000 0.8887154664
0.9800000000 0.8987870945
0.9850000000 0.9074948714
0.9900000000 0.9143136090
0.9950000000 0.9186909305
1.0000000000 0.9202161447
