0.0000000000 0.3031963207
0.0050000000 0.3033608735
0.0100000000 0.3035254263
0.0150000000 0.3040112670
0.0200000000 0.3045065527
0.0250000000 0.3053182865
0.0300000000 0.3061491902
0.0350000000 0.3072944218
0.0400000000 0.3084691104
0.0450000000 0.3099584751
0.0500000000 0.3114884324
0.0550000000 0.3133040063
0.0600000000 0.3152361933
0.0650000000 0.3174091062
0.0700000000 0.3197722442
0.0750000000 0.3222748980
0.0800000000 0.3250876097
0.0850000000 0.3280360664
0.0900000000 0.3312266880
0.0950000000 0.3346602950
0.1000000000 0.3382834746
0.1050000000 0.3421818036
0.1100000000 0.3463607924
0.1150000000 0.3507444636
0.1200000000 0.3554105973
0.1250000000 0.3604074562
0.1300000000 0.3656229259
0.1350000000 0.3711568473
0.1400000000 0.3770055497
0.1450000000 0.3832116333
0.1500000000 0.3897508638
0.1550000000 0.3966404881
0.1600000000 0.4038676558
0.1650000000 0.4114905856
0.1700000000 0.4195078373
0.1750000000 0.4279349088
0.1800000000 0.4367878801
0.1850000000 0.4460655527
0.1900000000 0.4558148401
0.1950000000 0.4660330319
0.2000000000 0.4767642234
0.2050000000 0.4880140636
0.2100000000 0.4997887497
0.2150000000 0.5121083517
0.2200000000 0.5250317259
0.2250000000 0.5385048535
0.2300000000 0.5526431920
0.2350000000 0.5673968527
0.2400000000 0.5827971913
0.2450000000 0.5989033161
0.2500000000 0.6157092756
0.2550000000 0.6332240926
0.2600000000 0.6514935191
0.2650000000 0.6705279660
0.2700000000 0.6903306879
0.2750000000 0.7109270480
0.2800000000 0.7323286646
0.2850000000 0.7545423670
0.2900000000 0.7775461012
0.2950000000 0.8013315811
0.3000000000 0.8258584716
0.3050000000 0.8510557614
0.3100000000 0.8767957399
0.3150000000 0.9028475422
0.3200000000 0.9287539948
0.3250000000 0.9534505793
0.3300000000 0.9735907613
0.3350000000 0.9776012996
0.3400000000 0.9609864698
0.3450000000 0.9372069750
0.3500000000 0.9115328881
0.3550000000 0.8854611378
0.3600000000 0.8595837247
0.3650000000 0.8341878154
0.3700000000 0.8094283332
0.3750000000 0.7853911937
0.3800000000 0.7621209090
0.3850000000 0.7396459684
0.3900000000 0.7179841251
0.3950000000 0.6971079002
0.4000000000 0.6770465498
0.4050000000 0.6577595632
0.4100000000 0.6392474785
0.4150000000 0.6214634419
0.4200000000 0.6044298654
0.4250000000 0.5881196275
0.4300000000 0.5724575953
0.4350000000 0.5574952418
0.4400000000 0.5431645024
0.4450000000 0.5294367892
0.4500000000 0.5163547604
0.4550000000 0.5038524362
0.4600000000 0.4918959826
0.4650000000 0.4804948373
0.4700000000 0.4695967206
0.4750000000 0.4592007754
0.4800000000 0.4492884326
0.4850000000 0.4398416872
0.4900000000 0.4308700839
0.4950000000 0.4222819849
0.5000000000 0.4140876467
0.5050000000 0.4063580991
0.5100000000 0.3990189271
0.5150000000 0.3920261239
0.5200000000 0.3853843180
0.5250000000 0.3790581648
0.5300000000 0.3731394517
0.5350000000 0.3674514741
0.5400000000 0.3620918608
0.5450000000 0.3570786291
0.5500000000 0.3522722675
0.5550000000 0.3477751801
0.5600000000 0.3436036672
0.5650000000 0.3395447445
0.5700000000 0.3358904023
0.5750000000 0.3323031117
0.5800000000 0.3291220438
0.5850000000 0.3260193294
0.5900000000 0.3232389852
0.5950000000 0.3205899315
0.6000000000 0.3181886324
0.6050000000 0.3159859835
0.6100000000 0.3139842169
0.6150000000 0.3120780150
0.6200000000 0.3104941470
0.6250000000 0.3089251210
0.6300000000 0.3077092135
0.6350000000 0.3065240444
0.6400000000 0.3056045792
0.6450000000 0.3048036257
0.6500000000 0.3041610054
0.6550000000 0.3037344225
0.6600000000 0.3033627884
0.6650000000 0.3032909168
0.6700000000 0.3032435435
0.6750000000 0.3035084943
0.6800000000 0.3037946655
0.6850000000 0.3043767276
0.6900000000 0.3049993026
0.6950000000 0.3059038805
0.7000000000 0.3068691037
0.7050000000 0.3081044180
0.7100000000 0.3094218853
0.7150000000 0.3109721887
0.7200000000 0.3126416799
0.7250000000 0.3145910791
0.7300000000 0.3166648594
0.7350000000 0.3189453992
0.7400000000 0.3214556869
0.7450000000 0.3240928193
0.7500000000 0.3270455244
0.7550000000 0.3301331533
0.7600000000 0.3334617330
0.7650000000 0.3370656367
0.7700000000 0.3408716654
0.7750000000 0.3449059192
0.7800000000 0.3492628091
0.7850000000 0.3538498133
0.7900000000 0.3586642520
0.7950000000 0.3638313123
0.8000000000 0.3692912234
0.8050000000 0.3750571446
0.8100000000 0.3811310076
0.8150000000 0.3875234716
0.8200000000 0.3942688352
0.8250000000 0.4013883257
0.8300000000 0.4088842883
0.8350000000 0.4167695486
0.8400000000 0.4250594066
0.8450000000 0.4337684484
0.8500000000 0.4428944110
0.8550000000 0.4525044575
0.8600000000 0.4625879370
0.8650000000 0.4731532844
0.8700000000 0.4842081619
0.8750000000 0.4957845556
0.8800000000 0.5079521375
0.8850000000 0.5206605216
0.8900000000 0.5339535648
0.8950000000 0.5478612956
0.9000000000 0.5624106486
0.9050000000 0.5775910971
0.9100000000 0.5934517489
0.9150000000 0.6100264770
0.9200000000 0.6272985043
0.9250000000 0.6453201462
0.9300000000 0.6640991537
0.9350000000 0.6836359928
0.9400000000 0.7039778394
0.9450000000 0.7251131977
0.9500000000 0.7470460293
0.9550000000 0.7697890019
0.9600000000 0.7933159380
0.9650000000 0.8176039806
0.9700000000 0.8425882475
0.9750000000 0.8681658813
0.9800000000 0.8941502352
0.9850000000 0.9201801164
0.9900000000 0.9454722105
0.9950000000 0.9678380404
1.0000000000 0.9790773848
