1.6796507626 0.0000000000 -1
1.6796493681 0.0000000000 -1
1.6795889516 0.0000000035 -1
1.6794055974 0.0000000537 -1
1.6791012414 0.0000002686 -1
1.6786789513 0.0000008410 -1
1.6781430070 0.0000020296 -1
1.6774988816 0.0000041459 -1
1.6767532201 0.0000075458 -1
1.6759138139 0.0000126051 -1
1.6749895740 0.0000197068 -1
1.6739905024 0.0000292211 -1
1.6729276622 0.0000414746 -1
1.6718131474 0.0000567524 -1
1.6706600509 0.0000752328 -1
1.6694824311 0.0000970081 -1
1.6682952748 0.0001220331 -1
1.6671144551 0.0001501096 -1
1.6659566817 0.0001808862 -1
1.6648394417 0.0002137990 -1
1.6637809260 0.0002481182 -1
1.6627999396 0.0002828713 -1
1.6619157923 0.0003168928 -1
1.6611481664 0.0003487763 -1
1.6605169607 0.0003769421 -1
1.6600421092 0.0003995959 -1
1.6597433762 0.0004147880 -1
1.6596401320 0.0004204507 -1
1.6597511134 0.0004143605 -1
1.6600941786 0.0003943064 -1
1.6606860665 0.0003579958 -1
1.6615421717 0.0003032152 -1
1.6626763491 0.0002279313 -1
1.6641007576 0.0001301502 -1
1.6658257553 0.0000081132 -1
1.6678598517 -0.0001397698 -1
1.6702097209 -0.0003146657 -1
1.6728802748 -0.0005175838 -1
1.6758747926 -0.0007493050 -1
1.6791950984 -0.0010100587 -1
1.6828417776 -0.0013003072 -1
1.6868144216 -0.0016195282 -1
1.6911118913 -0.0019676812 -1
1.6957325883 -0.0023439809 -1
1.7006747288 -0.0027477585 1
1.7059366132 -0.0031780149 1
1.7115168899 -0.0036339704 1
1.7174148133 -0.0041143429 1
1.7236304966 -0.0046177755 1
1.7301651659 -0.0051435418 1
1.7370214207 -0.0056896129 1
1.7442035100 -0.0062551060 1
1.7517176360 -0.0068388869 1
1.7595723011 -0.0074394856 1
1.7677787149 -0.0080555899 1
1.7763512908 -0.0086861983 1
1.7853082638 -0.0093305542 1
1.7946724793 -0.0099861566 1
1.8044724237 -0.0106532941 1
1.8147435931 -0.0113318856 1
1.8255303568 -0.0120193993 1
1.8368885467 -0.0127163757 1
1.8488891521 -0.0134212179 1
1.8616237432 -0.0141338568 1
1.8752127131 -0.0148551539 1
1.8898182819 -0.0155848959 1
1.9056660578 -0.0163232603 1
1.9230828801 -0.0170711509 1
1.9425679830 -0.0178299995 1
1.9649379031 -0.0185994766 1
1.9916421268 -0.0193813654 1
2.0253583910 -0.0201589004 1
2.0686333856 -0.0208273537 1
2.1123675596 -0.0211411242 1
2.1473184916 -0.0211419647 1
2.1756890012 -0.0209880369 1
2.1999736544 -0.0207496244 1
2.2215496196 -0.0204594306 1
2.2412028504 -0.0201326121 1
2.2594190924 -0.0197801386 1
2.2765197494 -0.0194061196 1
2.2927292710 -0.0190158351 1
2.3082112550 -0.0186121315 1
2.3230891140 -0.0181962180 1
2.3374586192 -0.0177702228 1
2.3513958488 -0.0173370495 1
2.3649624580 -0.0168951042 1
2.3782092704 -0.0164472217 1
2.3911788040 -0.0159942075 1
2.4039070798 -0.0155358425 1
2.4164249620 -0.0150732898 1
2.4287591538 -0.0146069437 1
2.4409329554 -0.0141374649 1
2.4529668416 -0.0136652542 1
2.4648789176 -0.0131912114 1
2.4766852680 -0.0127153149 1
2.4884002320 -0.0122384018 1
2.5000366210 -0.0117607192 1
2.5116058856 -0.0112829821 1
2.5231182464 -0.0108056029 1
2.5345827918 -0.0103291134 1
2.5460075482 -0.0098540947 1
2.5573995270 -0.0093810939 1
2.5687647530 -0.0089108477 1
2.5801082730 -0.0084439840 1
2.5914341494 -0.0079811049 1
2.6027454374 -0.0075231024 1
2.6140441508 -0.0070706816 1
2.6253312140 -0.0066247336 1
2.6366064036 -0.0061861024 1
2.6478682782 -0.0057557457 1
2.6591141016 -0.0053345937 1
2.6703397560 -0.0049236574 1
2.6815396502 -0.0045239702 1
2.6927066222 -0.0041365604 -1
2.7038318412 -0.0037624794 -1
2.7149047052 -0.0034027854 -1
2.7259127434 -0.0030584781 -1
2.7368415212 -0.0027305914 -1
2.7476745520 -0.0024200499 -1
2.7583932192 -0.0021277060 -1
2.7689767108 -0.0018543508 -1
2.7794019744 -0.0016006292 -1
2.7896436930 -0.0013670422 -1
2.7996742942 -0.0011539470 -1
2.8094639980 -0.0009614794 -1
2.8189809182 -0.0007895877 -1
2.8281912310 -0.0006379916 -1
2.8370594316 -0.0005061625 -1
2.8455486948 -0.0003933432 -1
2.8536213638 -0.0002985157 -1
2.8612395756 -0.0002204462 -1
2.8683660248 -0.0001576949 -1
2.8749648396 -0.0001086277 -1
2.8810025190 -0.0000715198 -1
2.8864488400 -0.0000445317 -1
2.8912776250 -0.0000258389 -1
2.8954672510 -0.0000136675 -1
2.8990008100 -0.0000063642 -1
2.9018658862 -0.0000024558 -1
2.9040539922 -0.0000006977 -1
2.9055597850 -0.0000001092 -1
2.9063802258 -0.0000000030 -1
2.9065459248 0.0000000000 -1
2.9065138642 -0.0000000001 -1
2.9059603986 -0.0000000384 -1
2.9047206016 -0.0000003744 -1
2.9027966286 -0.0000015776 -1
2.9001926468 -0.0000045182 -1
2.8969156532 -0.0000103440 -1
2.8929763104 -0.0000204477 -1
2.8883896224 -0.0000364231 -1
2.8831753056 -0.0000600091 -1
2.8773577828 -0.0000930268 -1
2.8709658012 -0.0001373165 -1
2.8640317506 -0.0001946639 -1
2.8565907888 -0.0002667513 -1
2.8486798976 -0.0003551002 -1
2.8403369646 -0.0004610344 -1
2.8315999630 -0.0005856529 -1
2.8225062636 -0.0007298261 -1
2.8130920868 -0.0008941527 -1
2.8033920902 -0.0010790152 -1
2.7934390688 -0.0012845598 -1
2.7832637534 -0.0015106968 -1
2.7728946830 -0.0017571563 -1
2.7623581370 -0.0020234847 -1
2.7516781136 -0.0023090718 -1
2.7408763408 -0.0026131977 -1
2.7299723172 -0.0029350266 -1
2.7189833704 -0.0032736211 -1
2.7079247316 -0.0036280167 -1
2.6968096230 -0.0039971761 -1
2.6856493504 -0.0043800720 1
2.6744534038 -0.0047756174 1
2.6632295574 -0.0051827989 1
2.6519839724 -0.0056005818 1
2.6407212950 -0.0060279237 1
2.6294447526 -0.0064638552 1
2.6181562422 -0.0069074669 1
2.6068564128 -0.0073578535 1
2.5955447394 -0.0078141296 1
2.5842195844 -0.0082754819 1
2.5728782520 -0.0087411903 1
2.5615170272 -0.0092105316 1
2.5501312036 -0.0096827524 1
2.5387150946 -0.0101572213 1
2.5272620320 -0.0106334295 1
2.5157643460 -0.0111106942 1
2.5042133250 -0.0115884272 1
2.4925991518 -0.0120663769 1
2.4809108182 -0.0125439159 1
2.4691360064 -0.0130203080 1
2.4572609368 -0.0134951301 1
2.4452701706 -0.0139682213 1
2.4331463546 -0.0144381133 1
2.4208698998 -0.0149063763 1
2.4084185714 -0.0153702669 1
2.3957669574 -0.0158305053 1
2.3828857796 -0.0162857568 1
2.3697409962 -0.0167360720 1
2.3562925956 -0.0171800116 1
2.3424929832 -0.0176168034 1
2.3282847456 -0.0180455667 1
2.3135974890 -0.0184650796 1
2.2983432768 -0.0188730534 1
2.2824098010 -0.0192691420 1
2.2656498038 -0.0196486512 1
2.2478639322 -0.0200092438 1
2.2287714522 -0.0203465916 1
2.2079570080 -0.0206515156 1
2.1847663470 -0.0209108144 1
2.1580869244 -0.0210999400 1
2.1258974874 -0.0211675867 1
2.0852364744 -0.0209884119 1
2.0400379374 -0.0204267278 1
2.0029451662 -0.0196675636 1
1.9741084216 -0.0188852205 1
1.9503889191 -0.0181108070 1
1.9299775796 -0.0173486623 1
1.9118809924 -0.0165979735 1
1.8955084935 -0.0158564992 1
1.8804819421 -0.0151246210 1
1.8665447909 -0.0144010649 1
1.8535150270 -0.0136843383 1
1.8412589711 -0.0129768855 1
1.8296757622 -0.0122769432 1
1.8186876954 -0.0115861540 1
1.8082339399 -0.0109048762 1
1.7982663110 -0.0102337764 1
1.7887463340 -0.0095731440 1
1.7796431510 -0.0089252049 1
1.7709319937 -0.0082884142 1
1.7625930462 -0.0076674159 1
1.7546105764 -0.0070615643 1
1.7469722636 -0.0064707841 1
1.7396686636 -0.0058983090 1
1.7326927708 -0.0053449602 1
1.7260396532 -0.0048115670 1
1.7197061360 -0.0043002368 1
1.7136905166 -0.0038110075 1
1.7079922996 -0.0033461376 1
1.7026119420 -0.0029061712 1
1.6975506020 -0.0024922622 -1
1.6928098825 -0.0021055670 -1
1.6883915707 -0.0017469580 -1
1.6842973709 -0.0014168920 -1
1.6805286319 -0.0011157521 -1
1.6770860748 -0.0008440434 -1
1.6739695253 -0.0006013584 -1
1.6711776615 -0.0003876659 -1
1.6687077858 -0.0002023893 -1
1.6665556308 -0.0000444714 -1
1.6647152109 0.0000870520 -1
1.6631787271 0.0001938036 -1
1.6619365301 0.0002773581 -1
1.6609771450 0.0003396056 -1
1.6602873550 0.0003826240 -1
1.6598523385 0.0004085453 -1
1.6596558505 0.0004196386 -1
1.6596401391 0.0004204364 -1
1.6596804377 0.0004181620 -1
1.6599076747 0.0004063190 -1
1.6603184081 0.0003862328 -1
1.6608929993 0.0003599204 -1
1.6616115553 0.0003292373 -1
1.6624541422 0.0002958423 -1
1.6634009748 0.0002612238 -1
1.6644325832 0.0002266141 -1
1.6655299542 0.0001930707 -1
1.6666746486 0.0001614149 -1
1.6678488993 0.0001322630 -1
1.6690356900 0.0001060543 -1
1.6702188201 0.0000830450 -1
1.6713829579 0.0000633282 -1
1.6725136855 0.0000468608 -1
1.6735975378 0.0000334953 -1
1.6746220371 0.0000229833 -1
1.6755757256 0.0000150165 -1
1.6764481965 0.0000092348 -1
1.6772301243 0.0000052555 -1
1.6779132931 0.0000026978 -1
1.6784906249 0.0000011994 -1
1.6789562050 0.0000004292 -1
1.6793053055 0.0000001062 -1
1.6795344046 0.0000000122 -1
1.6796412019 0.0000000001 -1
1.6796494656 0.0000000000 -1
1.6796494315 0.0000000000 -1
1.6796246288 0.0000000006 -1
1.6794848534 0.0000000246 -1
1.6792232794 0.0000001627 -1
1.6788425397 0.0000005815 -1
1.6783464844 0.0000015170 -1
1.6777401644 0.0000032648 -1
1.6770298102 0.0000061652 -1
1.6762228083 0.0000105904 -1
1.6753276742 0.0000169215 -1
1.6743540251 0.0000255361 -1
1.6733125497 0.0000367805 -1
1.6722149786 0.0000509531 -1
1.6710740531 0.0000682766 -1
1.6699034917 0.0000888781 -1
