0.0000000000 0.7565995265
0.0050000000 0.7568835539
0.0100000000 0.7576830815
0.0150000000 0.7589947161
0.0200000000 0.7608312761
0.0250000000 0.7631693180
0.0300000000 0.7659884914
0.0350000000 0.7692661674
0.0400000000 0.7729736701
0.0450000000 0.7770857778
0.0500000000 0.7815435859
0.0550000000 0.7863061342
0.0600000000 0.7913133917
0.0650000000 0.7964957858
0.0700000000 0.8017708338
0.0750000000 0.8070456154
0.0800000000 0.8122140030
0.0850000000 0.8171560256
0.0900000000 0.8217383036
0.0950000000 0.8258224004
0.1000000000 0.8292571275
0.1050000000 0.8318963979
0.1100000000 0.8336022096
0.1150000000 0.8342570530
0.1200000000 0.8337594796
0.1250000000 0.8320599079
0.1300000000 0.8291498027
0.1350000000 0.8250552184
0.1400000000 0.8198401095
0.1450000000 0.8136010158
0.1500000000 0.8064575365
0.1550000000 0.7985367197
0.1600000000 0.7899675011
0.1650000000 0.7808779818
0.1700000000 0.7713934175
0.1750000000 0.7616200882
0.1800000000 0.7516583537
0.1850000000 0.7415976366
0.1900000000 0.7315165417
0.1950000000 0.7214828209
0.2000000000 0.7115534452
0.2050000000 0.7017803711
0.2100000000 0.6922064203
0.2150000000 0.6828705848
0.2200000000 0.6738010415
0.2250000000 0.6650256445
0.2300000000 0.6565569781
0.2350000000 0.6484343017
0.2400000000 0.6406635569
0.2450000000 0.6332445679
0.2500000000 0.6262099047
0.2550000000 0.6195624133
0.2600000000 0.6132887770
0.2650000000 0.6074323761
0.2700000000 0.6019698343
0.2750000000 0.5969124544
0.2800000000 0.5922635574
0.2850000000 0.5880282064
0.2900000000 0.5841969674
0.2950000000 0.5808041599
0.3000000000 0.5778023605
0.3050000000 0.5752251118
0.3100000000 0.5730810114
0.3150000000 0.5713399235
0.3200000000 0.5700052830
0.3250000000 0.5690884939
0.3300000000 0.5686115817
0.3350000000 0.5685525240
0.3400000000 0.5688951324
0.3450000000 0.5696464996
0.3500000000 0.5708425185
0.3550000000 0.5724459392
0.3600000000 0.5744478025
0.3650000000 0.5769044103
0.3700000000 0.5797408623
0.3750000000 0.5830277129
0.3800000000 0.5866986930
0.3850000000 0.5908104061
0.3900000000 0.5953065640
0.3950000000 0.6002410962
0.4000000000 0.6055667250
0.4050000000 0.6112878866
0.4100000000 0.6174295144
0.4150000000 0.6239531966
0.4200000000 0.6308595726
0.4250000000 0.6381538848
0.4300000000 0.6457976817
0.4350000000 0.6538090111
0.4400000000 0.6621627344
0.4450000000 0.6708375254
0.4500000000 0.6798146876
0.4550000000 0.6890657601
0.4600000000 0.6985624087
0.4650000000 0.7082759445
0.4700000000 0.7181575382
0.4750000000 0.7281633842
0.4800000000 0.7382360660
0.4850000000 0.7483115868
0.4900000000 0.7583152710
0.4950000000 0.7681619417
0.5000000000 0.7777567922
0.5050000000 0.7869899258
0.5100000000 0.7957446054
0.5150000000 0.8038976345
0.5200000000 0.8113149434
0.5250000000 0.8178685926
0.5300000000 0.8234356109
0.5350000000 0.8279131650
0.5400000000 0.8312260658
0.5450000000 0.8333322722
0.5500000000 0.8342183777
0.5550000000 0.8339422308
0.5600000000 0.8325753396
0.5650000000 0.8302328960
0.5700000000 0.8270466613
0.5750000000 0.8231635209
0.5800000000 0.8187294267
0.5850000000 0.8138924012
0.5900000000 0.8087866592
0.5950000000 0.8035341009
0.6000000000 0.7982481944
0.6050000000 0.7930265174
0.6100000000 0.7879510415
0.6150000000 0.7831026574
0.6200000000 0.7785328554
0.6250000000 0.7743034600
0.6300000000 0.7704585491
0.6350000000 0.7670339868
0.6400000000 0.7640630445
0.6450000000 0.7615542856
0.6500000000 0.7595535419
0.6550000000 0.7580670702
0.6600000000 0.7570833591
0.6650000000 0.7566547032
0.6700000000 0.7567212470
0.6750000000 0.7573514588
0.6800000000 0.7585032265
0.6850000000 0.7601668278
0.6900000000 0.7623372586
0.6950000000 0.7649986416
0.7000000000 0.7681220366
0.7050000000 0.7716953775
0.7100000000 0.7756726544
0.7150000000 0.7800217599
0.7200000000 0.7846869780
0.7250000000 0.7896208618
0.7300000000 0.7947533862
0.7350000000 0.8000075162
0.7400000000 0.8052933979
0.7450000000 0.8105105356
0.7500000000 0.8155408132
0.7550000000 0.8202616630
0.7600000000 0.8245271291
0.7650000000 0.8281950310
0.7700000000 0.8311126823
0.7750000000 0.8331475712
0.7800000000 0.8341605065
0.7850000000 0.8340537310
0.7900000000 0.8327635633
0.7950000000 0.8302582836
0.8000000000 0.8265504698
0.8050000000 0.8216998510
0.8100000000 0.8157897180
0.8150000000 0.8089314370
0.8200000000 0.8012546172
0.8250000000 0.7928869270
0.8300000000 0.7839591753
0.8350000000 0.7745936439
0.8400000000 0.7649035935
0.8450000000 0.7549941528
0.8500000000 0.7449574511
0.8550000000 0.7348750044
0.8600000000 0.7248170334
0.8650000000 0.7148482392
0.8700000000 0.7050191277
0.8750000000 0.6953763977
0.8800000000 0.6859559089
0.8850000000 0.6767928505
0.8900000000 0.6679104963
0.8950000000 0.6593381128
0.9000000000 0.6511075660
0.9050000000 0.6432163380
0.9100000000 0.6356732558
0.9150000000 0.6285142895
0.9200000000 0.6217381240
0.9250000000 0.6153326862
0.9300000000 0.6093464494
0.9350000000 0.6037456490
0.9400000000 0.5985524852
0.9450000000 0.5937731181
0.9500000000 0.5893986203
0.9550000000 0.5854283257
0.9600000000 0.5818939569
0.9650000000 0.5787478655
0.9700000000 0.5760410724
0.9750000000 0.5737536153
0.9800000000 0.5718613812
0.9850000000 0.5703894530
0.9900000000 0.5693626231
0.9950000000 0.5687316392
1.0000000000 0.5684965628
