1.4249450414 0.0000000000 -1
1.4230597654 0.0000001245 -1
1.4177177373 0.0000018994 -1
1.4097816798 0.0000088186 -1
1.4001199498 0.0000251667 -1
1.3893925903 0.0000551974 -1
1.3780501905 0.0001028187 -1
1.3663920636 0.0001714871 -1
1.3546191202 0.0002641581 -1
1.3428702211 0.0003832398 -1
1.3312453047 0.0005305487 -1
1.3198198849 0.0007072526 -1
1.3086542283 0.0009138177 -1
1.2977992705 0.0011499463 -1
1.2873005044 0.0014145238 -1
1.2772005673 0.0017055607 -1
1.2675409527 0.0020201469 -1
1.2583630944 0.0023544197 -1
1.2497089603 0.0027035560 -1
1.2416212330 0.0030617805 -1
1.2341431164 0.0034224470 -1
1.2273177994 0.0037781255 -1
1.2211876150 0.0041207826 -1
1.2157929588 0.0044419855 -1
1.2111710661 0.0047331946 -1
1.2073547830 0.0049860384 -1
1.2043714956 0.0051926498 -1
1.2022423812 0.0053459683 -1
1.2009821247 0.0054399362 -1
1.2005973419 0.0054698140 -1
1.2005991844 0.0054697249 -1
1.2010966285 0.0054317893 -1
1.2024734946 0.0053238537 -1
1.2047265832 0.0051448277 1
1.2078525861 0.0048946645 1
1.2118504740 0.0045741475 1
1.2167241266 0.0041846483 1
1.2224852746 0.0037279830 1
1.2291569382 0.0032061817 1
1.2367777118 0.0026211945 1
1.2454074979 0.0019747569 1
1.2551357281 0.0012682057 1
1.2660939187 0.0005020959 1
1.2784760330 -0.0003240718 1
1.2925736083 -0.0012123000 1
1.3088406334 -0.0021668414 1
1.3280228458 -0.0031951590 1
1.3514340499 -0.0043086340 1
1.3815166906 -0.0055157638 1
1.4217270357 -0.0067530169 1
1.4681763370 -0.0076842639 1
1.5097256034 -0.0081114125 1
1.5455626342 -0.0082120438 1
1.5779219826 -0.0081224371 1
1.6083122173 -0.0079107484 1
1.6376182757 -0.0076169177 1
1.6662160848 -0.0072735254 1
1.6937215454 -0.0069203665 1
1.7185615087 -0.0066122760 1
1.7386736202 -0.0063965754 1
1.7533867344 -0.0062775915 1
1.7634560914 -0.0062286030 1
1.7699075877 -0.0062200779 1
1.7735458551 -0.0062284773 1
1.7749380804 -0.0062360387 1
1.7749857218 -0.0062361319 1
1.7744929826 -0.0062287675 -1
1.7725299907 -0.0061957310 -1
1.7693262571 -0.0061286556 -1
1.7651432920 -0.0060226635 -1
1.7602352770 -0.0058761195 -1
1.7548430915 -0.0056909332 -1
1.7491817921 -0.0054715250 -1
1.7434301192 -0.0052241161 -1
1.7377268498 -0.0049555024 -1
1.7321737806 -0.0046725463 -1
1.7268424282 -0.0043814211 -1
1.7217815548 -0.0040878878 -1
1.7170238219 -0.0037968530 -1
1.7125909753 -0.0035126949 -1
1.7084975911 -0.0032393664 -1
1.7047536476 -0.0029803185 -1
1.7013662293 -0.0027382811 -1
1.6983406150 -0.0025161277 -1
1.6956809486 -0.0023164304 -1
1.6933906276 -0.0021408710 -1
1.6914725087 -0.0019912371 -1
1.6899289975 -0.0018694855 -1
1.6887620679 -0.0017764912 -1
1.6879732450 -0.0017130257 -1
1.6875635746 -0.0016800016 -1
1.6874999494 -0.0016748636 -1
1.6875335929 -0.0016775835 -1
1.6878833096 -0.0017056141 -1
1.6886122057 -0.0017642954 -1
1.6897192489 -0.0018528362 -1
1.6912029214 -0.0019701047 -1
1.6930612511 -0.0021153171 -1
1.6952918317 -0.0022868318 -1
1.6978918100 -0.0024826924 -1
1.7008578100 -0.0027013125 -1
1.7041857493 -0.0029400670 -1
1.7078704861 -0.0031965264 -1
1.7119052040 -0.0034676742 -1
1.7162804068 -0.0037500305 -1
1.7209823405 -0.0040399600 -1
1.7259905987 -0.0043332112 -1
1.7312746203 -0.0046247616 -1
1.7367887997 -0.0049092278 -1
1.7424661266 -0.0051803108 -1
1.7482108068 -0.0054314867 -1
1.7538913271 -0.0056558418 -1
1.7593366344 -0.0058469642 -1
1.7643384299 -0.0060002100 -1
1.7686604418 -0.0061130577 -1
1.7720508286 -0.0061865907 -1
1.7742496239 -0.0062251131 -1
1.7749857540 -0.0062361086 -1
1.7749830586 -0.0062361838 -1
1.7739399393 -0.0062303016 -1
1.7707275171 -0.0062208769 -1
1.7648039911 -0.0062249869 -1
1.7553933958 -0.0062651825 -1
1.7414606437 -0.0063708267 1
1.7220898059 -0.0065713963 1
1.6976526125 -0.0068700674 1
1.6701806467 -0.0072232559 1
1.6414820961 -0.0075731238 1
1.6121032264 -0.0078770871 1
1.5817358104 -0.0081020725 1
1.5495433419 -0.0082096354 1
1.5140922191 -0.0081361305 1
1.4731927633 -0.0077551259 1
1.4268587787 -0.0068812306 1
1.3855296112 -0.0056582470 1
1.3545162170 -0.0044437855 1
1.3305235470 -0.0033215355 1
1.3109535705 -0.0022852734 1
1.2944054174 -0.0013235854 1
1.2800896310 -0.0004285940 1
1.2675286737 0.0004041711 1
1.2564172678 0.0011769570 1
1.2465528561 0.0018903399 1
1.2377982283 0.0025438430 1
1.2300600038 0.0031362219 1
1.2232754484 0.0036657686 1
1.2174039015 0.0041305229 1
1.2124208418 0.0045284616 1
1.2083134895 0.0048577135 1
1.2050773066 0.0051168367 1
1.2027130228 0.0053049302 1
1.2012239847 0.0054219002 1
1.2006137467 0.0054687151 1
1.2005973526 0.0054698058 1
1.2008839126 0.0054474265 -1
1.2020322936 0.0053614265 -1
1.2040514838 0.0052153558 -1
1.2069279448 0.0050150832 -1
1.2106416545 0.0047675664 -1
1.2151663126 0.0044805680 -1
1.2204700242 0.0041624096 -1
1.2265163303 0.0038216401 -1
1.2332654196 0.0034667292 -1
1.2406753588 0.0031057945 -1
1.2487031981 0.0027463769 -1
1.2573058496 0.0023952600 -1
1.2664406663 0.0020583522 -1
1.2760656804 0.0017406302 -1
1.2861394681 0.0014461028 -1
1.2966205997 0.0011778174 -1
1.3074666020 0.0009378968 -1
1.3186322970 0.0007275724 -1
1.3300672780 0.0005472462 -1
1.3417121044 0.0003965443 -1
1.3534925055 0.0002743724 -1
1.3653103846 0.0001789758 -1
1.3770295965 0.0001079904 -1
1.3884532298 0.0000584883 -1
1.3992877901 0.0000270249 -1
1.4090907061 0.0000096848 -1
1.4172111127 0.0000021826 -1
1.4227852591 0.0000001637 -1
1.4249366935 0.0000000000 -1
1.4249438316 0.0000000000 1
1.4232440809 0.0000001012 -1
1.4180579177 0.0000017208 -1
1.4102307956 0.0000082794 -1
1.4006385004 0.0000240466 -1
1.3899526552 0.0000532885 -1
1.3786331349 0.0000999335 -1
1.3669854946 0.0001674628 -1
1.3552146141 0.0002588577 -1
1.3434618451 0.0003765556 -1
1.3318286888 0.0005224040 -1
1.3203916391 0.0006976046 -1
1.3092115700 0.0009026602 -1
1.2983397821 0.0011373146 -1
1.2878219724 0.0014004951 -1
1.2777008755 0.0016902545 -1
1.2680180122 0.0020037365 -1
1.2588148011 0.0023371210 -1
1.2501331756 0.0026856351 -1
1.2420157838 0.0030435552 -1
1.2345058134 0.0034042703 -1
1.2276464718 0.0037603892 -1
1.2214801597 0.0041039051 -1
1.2160473991 0.0044263976 -1
1.2113856152 0.0047193282 -1
1.2075279037 0.0049743038 -1
1.2045019479 0.0051834345 -1
1.2023292504 0.0053395993 -1
1.2010248225 0.0054366928 -1
1.2005973397 0.0054698145 -1
1.2005974218 0.0054698162 -1
1.2010503605 0.0054353693 -1
1.2023828401 0.0053310106 -1
1.2045917256 0.0051555878 1
1.2076736591 0.0049090070 1
1.2116274349 0.0045920138 1
1.2164566173 0.0042059654 1
1.2221724627 0.0037526425 1
1.2287973271 0.0032340826 1
1.2363688954 0.0026522418 1
1.2449458226 0.0020088900 1
1.2546157931 0.0013053465 1
1.2655077934 0.0005422458 1
1.2778119533 -0.0002808399 1
1.2918136650 -0.0011658631 1
1.3079563677 -0.0021169085 1
1.3269661818 -0.0031412544 1
1.3501175759 -0.0042500949 1
1.3797790530 -0.0054527408 1
1.4194422091 -0.0066938048 1
1.4658948106 -0.0076501918 1
1.5077825807 -0.0080992263 1
1.5438507637 -0.0082123187 1
1.5763432183 -0.0081302908 1
1.6068075055 -0.0079237057 1
1.6361547322 -0.0076332364 1
1.6647891610 -0.0072915227 1
1.6923769416 -0.0069376569 1
1.7174051539 -0.0066258743 1
1.7377888489 -0.0064049945 1
1.7527634451 -0.0062816473 1
1.7630418652 -0.0062298861 1
1.7696546545 -0.0062199103 1
1.7734198282 -0.0062279304 1
1.7749147670 -0.0062359074 1
1.7749857295 -0.0062361322 1
1.7745543546 -0.0062296963 -1
1.7726612244 -0.0061981363 -1
1.7695138634 -0.0061329520 -1
1.7653742294 -0.0060290205 -1
1.7604969239 -0.0058845207 -1
1.7551237822 -0.0057011809 -1
1.7494714638 -0.0054833681 -1
1.7437206962 -0.0052372066 -1
1.7380122506 -0.0049694844 -1
1.7324496499 -0.0046871207 -1
1.7271057585 -0.0043962696 -1
1.7220303178 -0.0041026924 -1
1.7172566658 -0.0038113933 -1
1.7128069993 -0.0035268915 -1
1.7086961861 -0.0032528819 -1
1.7049343903 -0.0029929494 -1
1.7015288119 -0.0027500821 -1
1.6984848024 -0.0025268529 -1
1.6958065515 -0.0023258729 -1
1.6934974883 -0.0021491299 -1
1.6915604942 -0.0019982900 -1
1.6899979964 -0.0018750388 -1
1.6888119911 -0.0017804178 -1
1.6880040266 -0.0017154682 -1
1.6875751737 -0.0016809575 -1
1.6874999472 -0.0016748507 -1
1.6875259950 -0.0016770478 -1
1.6878565269 -0.0017035714 -1
1.6885662769 -0.0017607054 -1
1.6896542382 -0.0018476699 -1
1.6911189166 -0.0019634810 -1
1.6929583625 -0.0021073188 -1
1.6951701912 -0.0022775436 -1
1.6977515735 -0.0024722152 -1
1.7006991628 -0.0026898621 -1
1.7040089196 -0.0029275923 -1
1.7076757673 -0.0031831797 -1
1.7116929945 -0.0034536509 -1
1.7160512727 -0.0037355197 -1
1.7207371124 -0.0040250910 -1
1.7257305172 -0.0043183849 -1
1.7310015438 -0.0046101147 -1
1.7365054882 -0.0048950974 -1
1.7421765943 -0.0051670169 -1
1.7479207021 -0.0054193939 -1
1.7536082349 -0.0056452337 -1
1.7590701446 -0.0058382070 -1
1.7640998443 -0.0059933868 -1
1.7684621764 -0.0061083515 -1
1.7719058288 -0.0061837643 -1
1.7741712453 -0.0062239159 -1
1.7749857592 -0.0062361154 -1
1.7740409448 -0.0062307764 -1
1.7709495883 -0.0062211788 -1
