0.0000000000 1.8599680318
0.0050000000 1.8626378441
0.0100000000 1.8696708074
0.0150000000 1.8818913611
0.0200000000 1.8989592013
0.0250000000 1.9216055324
0.0300000000 1.9495733407
0.0350000000 1.9841524119
0.0400000000 2.0252386463
0.0450000000 2.0734861410
0.0500000000 2.1301624565
0.0550000000 2.1961948868
0.0600000000 2.2725078903
0.0650000000 2.3605512839
0.0700000000 2.4623488515
0.0750000000 2.5796730670
0.0800000000 2.7149579397
0.0850000000 2.8712457140
0.0900000000 3.0510564564
0.0950000000 3.2578138929
0.1000000000 3.4946055630
0.1050000000 3.7627463615
0.1100000000 4.0628272613
0.1150000000 4.3902700194
0.1200000000 4.7348512662
0.1250000000 5.0772889542
0.1300000000 5.3880009213
0.1350000000 5.6307126632
0.1400000000 5.7681920761
0.1450000000 5.7782137485
0.1500000000 5.6572847999
0.1550000000 5.4278170539
0.1600000000 5.1243544424
0.1650000000 4.7844639265
0.1700000000 4.4387538460
0.1750000000 4.1080517949
0.1800000000 3.8038652922
0.1850000000 3.5309337902
0.1900000000 3.2899028057
0.1950000000 3.0791040178
0.2000000000 2.8955039860
0.2050000000 2.7363128600
0.2100000000 2.5980946164
0.2150000000 2.4783979589
0.2200000000 2.3739381797
0.2250000000 2.2844584641
0.2300000000 2.2063218080
0.2350000000 2.1390124873
0.2400000000 2.0812997116
0.2450000000 2.0315773354
0.2500000000 1.9896950711
0.2550000000 1.9542205778
0.2600000000 1.9253275362
0.2650000000 1.9017371017
0.2700000000 1.8840679567
0.2750000000 1.8712934010
0.2800000000 1.8631593140
0.2850000000 1.8602864323
0.2900000000 1.8619992541
0.2950000000 1.8682641088
0.3000000000 1.8798588809
0.3050000000 1.8960584692
0.3100000000 1.9180667566
0.3150000000 1.9452761353
0.3200000000 1.9787842559
0.3250000000 2.0189685138
0.3300000000 2.0661234445
0.3350000000 2.1216617949
0.3400000000 2.1862139896
0.3450000000 2.2606307587
0.3500000000 2.3469667580
0.3550000000 2.4466325298
0.3600000000 2.5617577295
0.3650000000 2.6946062863
0.3700000000 2.8473630700
0.3750000000 3.0239394855
0.3800000000 3.2266643547
0.3850000000 3.4586884713
0.3900000000 3.7225933928
0.3950000000 4.0179516775
0.4000000000 4.3421428153
0.4050000000 4.6851957901
0.4100000000 5.0294513813
0.4150000000 5.3470894337
0.4200000000 5.6014727367
0.4250000000 5.7561693501
0.4300000000 5.7846003190
0.4350000000 5.6818536757
0.4400000000 5.4659763988
0.4450000000 5.1707321700
0.4500000000 4.8339903421
0.4550000000 4.4876649925
0.4600000000 4.1537588681
0.4650000000 3.8454677354
0.4700000000 3.5679951041
0.4750000000 3.3225801569
0.4800000000 3.1074363708
0.4850000000 2.9203438253
0.4900000000 2.7576026016
0.4950000000 2.6164574214
0.5000000000 2.4943376919
0.5050000000 2.3882656383
0.5100000000 2.2961998762
0.5150000000 2.2167828568
0.5200000000 2.1481576281
0.5250000000 2.0889283185
0.5300000000 2.0382834494
0.5350000000 1.9952023750
0.5400000000 1.9589181369
0.5450000000 1.9290758820
0.5500000000 1.9049860673
0.5550000000 1.8861076044
0.5600000000 1.8727914105
0.5650000000 1.8642048206
0.5700000000 1.8603146503
0.5750000000 1.8614351209
0.5800000000 1.8672143583
0.5850000000 1.8777776422
0.5900000000 1.8936090207
0.5950000000 1.9144344512
0.6000000000 1.9410996734
0.6050000000 1.9736957569
0.6100000000 2.0125711280
0.6150000000 2.0589772667
0.6200000000 2.1132457945
0.6250000000 2.1762242954
0.6300000000 2.2492954423
0.6350000000 2.3338092913
0.6400000000 2.4314983575
0.6450000000 2.5441608759
0.6500000000 2.6742350755
0.6550000000 2.8242893561
0.6600000000 2.9971613413
0.6650000000 3.1960250420
0.6700000000 3.4237253189
0.6750000000 3.6829027700
0.6800000000 3.9741143025
0.6850000000 4.2943422279
0.6900000000 4.6355912768
0.6950000000 4.9812320844
0.7000000000 5.3044633902
0.7050000000 5.5705954201
0.7100000000 5.7412333392
0.7150000000 5.7887360879
0.7200000000 5.7043528441
0.7250000000 5.5024961092
0.7300000000 5.2162701507
0.7350000000 4.8833190648
0.7400000000 4.5367653566
0.7450000000 4.2001091330
0.7500000000 3.8877672609
0.7550000000 3.6054993868
0.7600000000 3.3557811302
0.7650000000 3.1365382387
0.7700000000 2.9455346966
0.7750000000 2.7793344962
0.7800000000 2.6354439244
0.7850000000 2.5106403554
0.7900000000 2.4026012125
0.7950000000 2.3087044352
0.8000000000 2.2271834579
0.8050000000 2.1573777534
0.8100000000 2.0969113262
0.8150000000 2.0448207636
0.8200000000 2.0010319050
0.8250000000 1.9635276396
0.8300000000 1.9330408268
0.8350000000 1.9078789981
0.8400000000 1.8885879758
0.8450000000 1.8744980071
0.8500000000 1.8652494726
0.8550000000 1.8607161699
0.8600000000 1.8608535963
0.8650000000 1.8661497323
0.8700000000 1.8759407028
0.8750000000 1.8910533542
0.8800000000 1.9110718763
0.8850000000 1.9370074457
0.8900000000 1.9685499528
0.8950000000 2.0066492096
0.9000000000 2.0519621887
0.9050000000 2.1049355014
0.9100000000 2.1664831472
0.9150000000 2.2382869843
0.9200000000 2.3211933179
0.9250000000 2.4169289841
0.9300000000 2.5274093766
0.9350000000 2.6544899029
0.9400000000 2.8016775459
0.9450000000 2.9707526025
0.9500000000 3.1657964477
0.9550000000 3.3892576424
0.9600000000 3.6439450274
0.9650000000 3.9304148454
0.9700000000 4.2469997173
0.9750000000 4.5861086964
0.9800000000 4.9324165906
0.9850000000 5.2611261725
0.9900000000 5.5373619682
0.9950000000 5.7241197861
1.0000000000 5.7907531812
